Barcode,Cluster,celltype,hpca.celltype,encode.celltype,subtype,IMR_consensus,DIF_consensus,PRO_consensus,MES_consensus
AAACCTGAGCTGCCCA-1,3,MYE,Macrophage,Macrophages,DIF,0.322,0.334,0.158,0.186
AAACCTGAGTCATCCA-1,3,MYE,Macrophage,Macrophages,DIF,0.26,0.378,0.192,0.17
AAACCTGCAAGCCCAC-1,3,MYE,Macrophage,Macrophages,IMR,0.362,0.248,0.142,0.248
AAACCTGCAAGCGCTC-1,5,EPI,Epithelial_cells,Epithelial cells,DIF,0.228,0.346,0.266,0.16
AAACCTGCACGTAAGG-1,5,EPI,Epithelial_cells,Epithelial cells,DIF,0.176,0.494,0.258,0.072
AAACCTGCACGTGAGA-1,3,MYE,Macrophage,Monocytes,DIF,0.256,0.304,0.192,0.248
AAACCTGCATCGATTG-1,3,MYE,Macrophage,Macrophages,DIF,0.296,0.472,0.096,0.136
AAACCTGCATCGGGTC-1,1,STROM,Chondrocytes,Adipocytes,MES,0.094,0.094,0.296,0.516
AAACCTGCATTCCTCG-1,3,MYE,Macrophage,Macrophages,DIF,0.326,0.38,0.172,0.122
AAACCTGGTAGGACAC-1,2,LYMPH,T_cells,CD8+ T-cells,DIF,0.262,0.324,0.278,0.136
AAACCTGGTCACAAGG-1,3,MYE,Macrophage,Monocytes,IMR,0.49,0.298,0.114,0.098
AAACCTGGTGAGTATA-1,7,ENDO,Endothelial_cells,Endothelial cells,DIF,0.124,0.576,0.216,0.084
AAACCTGGTGAGTGAC-1,2,LYMPH,T_cells,CD8+ T-cells,DIF,0.168,0.34,0.202,0.29
AAACCTGGTGCAGACA-1,2,LYMPH,T_cells,CD8+ T-cells,DIF,0.204,0.508,0.126,0.162
AAACCTGGTTCGGCAC-1,3,MYE,Macrophage,Macrophages,IMR,0.38,0.29,0.118,0.212
AAACCTGGTTTGACTG-1,3,MYE,Macrophage,Macrophages,DIF,0.392,0.426,0.06,0.122
AAACCTGTCAACGCTA-1,3,MYE,Macrophage,Monocytes,DIF,0.246,0.338,0.182,0.234
AAACCTGTCAATCACG-1,11,MYE,Pre-B_cell_CD34-,Monocytes,DIF,0.332,0.33,0.178,0.16
AAACCTGTCATACGGT-1,3,MYE,Macrophage,Macrophages,DIF,0.226,0.356,0.21,0.208
AAACCTGTCCAAACTG-1,5,STROM,Smooth_muscle_cells,Mesangial cells,DIF,0.11,0.546,0.236,0.108
AAACCTGTCCCAGGTG-1,5,EPI,Epithelial_cells,Epithelial cells,DIF,0.208,0.602,0.108,0.082
AAACCTGTCCGCAAGC-1,5,EPI,Epithelial_cells,Epithelial cells,DIF,0.066,0.846,0.074,0.014
AAACCTGTCGAACGGA-1,3,MYE,Macrophage,Macrophages,IMR,0.346,0.324,0.14,0.19
AAACCTGTCGCCAGCA-1,1,STROM,Fibroblasts,Adipocytes,MES,0.118,0.178,0.302,0.402
AAACCTGTCTACCTGC-1,5,EPI,Epithelial_cells,Epithelial cells,DIF,0.17,0.584,0.162,0.084
AAACCTGTCTTGCATT-1,1,STROM,Fibroblasts,Adipocytes,MES,0.094,0.124,0.324,0.458
AAACGGGAGACCGGAT-1,12,LYMPH,B_cell,B-cells,DIF,0.172,0.39,0.198,0.24
AAACGGGAGAGACTAT-1,9,EPI,Epithelial_cells,HSC,DIF,0.254,0.312,0.234,0.2
AAACGGGAGCAACGGT-1,5,EPI,Epithelial_cells,Epithelial cells,DIF,0.15,0.542,0.196,0.112
AAACGGGAGGAGTTTA-1,3,MYE,Macrophage,Macrophages,DIF,0.33,0.322,0.162,0.186
AAACGGGAGGCCCTTG-1,2,LYMPH,NK_cell,NK cells,DIF,0.302,0.42,0.12,0.158
AAACGGGAGGCGACAT-1,6,LYMPH,T_cells,CD4+ T-cells,DIF,0.264,0.334,0.196,0.206
AAACGGGAGGGAACGG-1,3,MYE,Macrophage,Macrophages,DIF,0.288,0.3,0.19,0.222
AAACGGGAGGTAGCCA-1,1,STROM,Tissue_stem_cells,Adipocytes,MES,0.026,0.076,0.156,0.742
AAACGGGAGTGTCTCA-1,2,LYMPH,T_cells,CD8+ T-cells,DIF,0.206,0.324,0.262,0.208
AAACGGGAGTGTGGCA-1,3,MYE,Macrophage,Macrophages,IMR,0.418,0.302,0.114,0.166
AAACGGGCAACACCCG-1,5,EPI,Epithelial_cells,Epithelial cells,DIF,0.084,0.784,0.096,0.036
AAACGGGCAATGAATG-1,3,MYE,DC,Monocytes,IMR,0.444,0.268,0.114,0.174
AAACGGGCACATTAGC-1,5,MYE,Macrophage,Macrophages,DIF,0.27,0.472,0.122,0.136
AAACGGGCACATTCGA-1,3,MYE,Macrophage,Macrophages,IMR,0.582,0.244,0.056,0.118
AAACGGGCACCATGTA-1,3,MYE,GMP,Monocytes,DIF,0.172,0.366,0.272,0.19
AAACGGGCACTGCCAG-1,1,STROM,Tissue_stem_cells,Adipocytes,MES,0.176,0.224,0.226,0.374
AAACGGGCATACCATG-1,5,EPI,Epithelial_cells,Mesangial cells,DIF,0.102,0.766,0.112,0.02
AAACGGGCATCCTAGA-1,1,STROM,Fibroblasts,Fibroblasts,MES,0.088,0.122,0.116,0.674
AAACGGGGTAAACCTC-1,3,MYE,Macrophage,Monocytes,IMR,0.402,0.252,0.174,0.172
AAACGGGGTAAGTGGC-1,11,LYMPH,Pre-B_cell_CD34-,HSC,DIF,0.176,0.368,0.292,0.164
AAACGGGGTACCGTAT-1,2,LYMPH,T_cells,CD8+ T-cells,DIF,0.174,0.386,0.276,0.164
AAACGGGGTCAAGCGA-1,6,LYMPH,T_cells,CD8+ T-cells,DIF,0.168,0.356,0.252,0.224
AAACGGGGTCAGTGGA-1,4,EPI,Epithelial_cells,Epithelial cells,DIF,0.07,0.766,0.106,0.058
AAACGGGGTCTAGGTT-1,5,EPI,Epithelial_cells,Epithelial cells,DIF,0.12,0.578,0.202,0.1
AAACGGGGTCTTTCAT-1,2,LYMPH,NK_cell,NK cells,DIF,0.268,0.522,0.11,0.1
AAACGGGGTTCGTCTC-1,5,EPI,Epithelial_cells,Epithelial cells,DIF,0.09,0.676,0.184,0.05
AAACGGGGTTCTGTTT-1,3,MYE,Macrophage,Macrophages,IMR,0.436,0.368,0.09,0.106
AAACGGGTCAGCTGGC-1,3,MYE,Monocyte,Monocytes,DIF,0.408,0.39,0.078,0.124
AAACGGGTCAGGTAAA-1,5,MYE,DC,Monocytes,DIF,0.116,0.77,0.074,0.04
AAACGGGTCCCTAACC-1,5,EPI,Epithelial_cells,Mesangial cells,PRO,0.134,0.324,0.39,0.152
AAACGGGTCCGAAGAG-1,5,EPI,Epithelial_cells,Epithelial cells,DIF,0.102,0.606,0.204,0.088
AAACGGGTCGAACTGT-1,2,LYMPH,T_cells,CD8+ T-cells,DIF,0.248,0.36,0.192,0.2
AAACGGGTCGGATGTT-1,5,EPI,Epithelial_cells,Epithelial cells,DIF,0.1,0.48,0.328,0.092
AAACGGGTCTACGAGT-1,8,MYE,DC,B-cells,DIF,0.362,0.368,0.08,0.19
AAACGGGTCTCGCTTG-1,2,LYMPH,T_cells,CD4+ T-cells,DIF,0.21,0.484,0.16,0.146
AAACGGGTCTCTGCTG-1,3,MYE,Monocyte,Macrophages,IMR,0.586,0.21,0.082,0.122
AAAGATGAGAGCTTCT-1,2,LYMPH,T_cells,CD8+ T-cells,DIF,0.122,0.55,0.182,0.146
AAAGATGAGCCAACAG-1,2,LYMPH,T_cells,CD8+ T-cells,DIF,0.196,0.38,0.228,0.196
AAAGATGAGGATGGAA-1,3,MYE,Macrophage,Macrophages,DIF,0.262,0.39,0.136,0.212
AAAGATGAGTACGTAA-1,4,EPI,Epithelial_cells,Mesangial cells,DIF,0.144,0.486,0.236,0.134
AAAGATGAGTCAAGGC-1,10,EPI,Epithelial_cells,Adipocytes,DIF,0.096,0.46,0.232,0.212
AAAGATGCAATAAGCA-1,1,STROM,Tissue_stem_cells,Mesangial cells,PRO,0.088,0.196,0.396,0.32
AAAGATGCAGATCCAT-1,1,STROM,Fibroblasts,Adipocytes,MES,0.144,0.146,0.13,0.58
AAAGATGCAGGAATGC-1,3,MYE,Macrophage,Monocytes,DIF,0.334,0.378,0.096,0.192
AAAGATGCATGCTAGT-1,3,MYE,Monocyte,Monocytes,DIF,0.292,0.326,0.178,0.204
AAAGATGCATTCCTGC-1,1,STROM,Fibroblasts,Adipocytes,MES,0.044,0.054,0.176,0.726
AAAGATGGTAACGACG-1,1,STROM,Fibroblasts,Adipocytes,MES,0.126,0.154,0.198,0.522
AAAGATGGTACAGACG-1,3,MYE,Macrophage,Macrophages,DIF,0.382,0.434,0.106,0.078
AAAGATGGTAGCGCTC-1,3,MYE,Macrophage,Macrophages,DIF,0.2,0.572,0.112,0.116
AAAGATGGTATGGTTC-1,3,MYE,Macrophage,Macrophages,IMR,0.368,0.17,0.218,0.244
AAAGATGGTCAAACTC-1,2,LYMPH,T_cells,CD8+ T-cells,DIF,0.12,0.422,0.318,0.14
AAAGATGGTCCTCTTG-1,7,STROM,Tissue_stem_cells,Adipocytes,DIF,0.148,0.516,0.192,0.144
AAAGATGGTGACTCAT-1,3,MYE,Macrophage,Macrophages,DIF,0.316,0.38,0.12,0.184
AAAGATGGTGTTTGGT-1,5,EPI,Epithelial_cells,Epithelial cells,DIF,0.12,0.586,0.25,0.044
AAAGATGTCACAGTAC-1,1,STROM,Fibroblasts,Fibroblasts,MES,0.106,0.192,0.242,0.46
AAAGATGTCAGTCAGT-1,1,STROM,Osteoblasts,Fibroblasts,MES,0.192,0.302,0.146,0.36
AAAGATGTCGGATGGA-1,5,EPI,Epithelial_cells,Epithelial cells,DIF,0.126,0.578,0.206,0.09
AAAGATGTCGGTCCGA-1,5,EPI,Epithelial_cells,Epithelial cells,DIF,0.136,0.608,0.18,0.076
AAAGATGTCTCGTTTA-1,3,MYE,Macrophage,Macrophages,DIF,0.244,0.592,0.076,0.088
AAAGCAAAGACACTAA-1,2,LYMPH,T_cells,CD8+ T-cells,DIF,0.184,0.33,0.304,0.182
AAAGCAAAGATCTGAA-1,3,MYE,Macrophage,Macrophages,IMR,0.362,0.272,0.15,0.216
AAAGCAAAGCTATGCT-1,5,EPI,Fibroblasts,Epithelial cells,DIF,0.178,0.388,0.276,0.158
AAAGCAAAGCTCCTTC-1,5,EPI,Epithelial_cells,Epithelial cells,DIF,0.2,0.558,0.13,0.112
AAAGCAAAGCTGTCTA-1,6,LYMPH,Pre-B_cell_CD34-,CD4+ T-cells,DIF,0.212,0.474,0.152,0.162
AAAGCAAAGGTGTTAA-1,3,MYE,Pre-B_cell_CD34-,Monocytes,DIF,0.192,0.494,0.18,0.134
AAAGCAAAGTACTTGC-1,3,MYE,Macrophage,Macrophages,DIF,0.272,0.308,0.22,0.2
AAAGCAAAGTTGTCGT-1,2,LYMPH,T_cells,CD8+ T-cells,DIF,0.174,0.53,0.138,0.158
AAAGCAACACGTGAGA-1,1,STROM,Tissue_stem_cells,Mesangial cells,MES,0.066,0.058,0.232,0.644
AAAGCAACATAGGATA-1,3,MYE,Macrophage,Macrophages,DIF,0.216,0.338,0.252,0.194
AAAGCAAGTAACGCGA-1,3,MYE,Monocyte,Monocytes,DIF,0.342,0.392,0.142,0.124
AAAGCAAGTAGAGGAA-1,3,MYE,Macrophage,Macrophages,DIF,0.268,0.302,0.192,0.238
AAAGCAAGTCAGGACA-1,2,LYMPH,T_cells,CD8+ T-cells,DIF,0.242,0.394,0.138,0.226
AAAGCAAGTCTAGCGC-1,2,LYMPH,T_cells,CD8+ T-cells,DIF,0.236,0.438,0.2,0.126
AAAGCAAGTGAAATCA-1,5,EPI,Epithelial_cells,Epithelial cells,DIF,0.124,0.594,0.194,0.088
AAAGCAAGTGAGGGTT-1,3,MYE,Macrophage,Macrophages,DIF,0.252,0.42,0.17,0.158
AAAGCAAGTTGACGTT-1,5,MYE,Macrophage,Adipocytes,DIF,0.228,0.582,0.094,0.096
AAAGCAAGTTGTCGCG-1,4,EPI,Embryonic_stem_cells,Mesangial cells,DIF,0.18,0.438,0.228,0.154
AAAGCAATCACAAACC-1,3,MYE,Macrophage,Macrophages,IMR,0.498,0.24,0.106,0.156
AAAGCAATCACCCGAG-1,5,ENDO,Endothelial_cells,Mesangial cells,DIF,0.092,0.706,0.172,0.03
AAAGCAATCACTATTC-1,4,EPI,Epithelial_cells,Epithelial cells,DIF,0.102,0.438,0.342,0.118
AAAGCAATCATAAAGG-1,1,STROM,Tissue_stem_cells,Mesangial cells,DIF,0.164,0.362,0.232,0.242
AAAGCAATCGAATGGG-1,2,LYMPH,T_cells,CD8+ T-cells,DIF,0.228,0.414,0.214,0.144
AAAGCAATCGCAAACT-1,2,LYMPH,B_cell,B-cells,DIF,0.154,0.334,0.288,0.224
AAAGCAATCGCATGGC-1,3,MYE,Macrophage,Monocytes,DIF,0.24,0.372,0.194,0.194
AAAGCAATCGGCATCG-1,5,EPI,Epithelial_cells,Epithelial cells,DIF,0.074,0.682,0.188,0.056
AAAGCAATCTCGGACG-1,3,MYE,Monocyte,Macrophages,IMR,0.34,0.292,0.164,0.204
AAAGTAGAGCTAGTCT-1,6,LYMPH,T_cells,CD8+ T-cells,DIF,0.118,0.492,0.242,0.148
AAAGTAGAGTGGGCTA-1,3,MYE,Macrophage,Macrophages,DIF,0.242,0.416,0.144,0.198
AAAGTAGCAACAACCT-1,5,EPI,Epithelial_cells,Epithelial cells,DIF,0.09,0.75,0.134,0.026
AAAGTAGCAAGTCATC-1,3,MYE,Macrophage,Monocytes,IMR,0.468,0.298,0.13,0.104
AAAGTAGCAATCTACG-1,3,MYE,Macrophage,Macrophages,DIF,0.386,0.336,0.124,0.154
AAAGTAGCACAACGTT-1,3,MYE,Macrophage,Macrophages,IMR,0.416,0.274,0.14,0.17
AAAGTAGCACATTCGA-1,1,STROM,Chondrocytes,Mesangial cells,MES,0.092,0.144,0.334,0.43
AAAGTAGCACCTATCC-1,3,MYE,Macrophage,Monocytes,DIF,0.306,0.29,0.158,0.246
AAAGTAGCAGGCGATA-1,5,EPI,Epithelial_cells,Epithelial cells,DIF,0.108,0.624,0.186,0.082
AAAGTAGCATATGAGA-1,3,LYMPH,BM,HSC,DIF,0.244,0.388,0.196,0.172
AAAGTAGCATCCTAGA-1,5,EPI,Epithelial_cells,Epithelial cells,DIF,0.168,0.472,0.246,0.114
AAAGTAGCATGCAACT-1,1,STROM,Fibroblasts,Fibroblasts,DIF,0.156,0.444,0.25,0.15
AAAGTAGGTAAAGTCA-1,1,STROM,Fibroblasts,Adipocytes,MES,0.158,0.248,0.228,0.366
AAAGTAGGTACATCCA-1,1,STROM,Chondrocytes,Adipocytes,MES,0.202,0.168,0.21,0.42
AAAGTAGGTAGCGCAA-1,3,MYE,Macrophage,Macrophages,IMR,0.556,0.246,0.112,0.086
AAAGTAGGTAGCGTAG-1,5,EPI,Epithelial_cells,Monocytes,DIF,0.256,0.52,0.126,0.098
AAAGTAGGTGACGCCT-1,5,EPI,Epithelial_cells,Epithelial cells,DIF,0.18,0.672,0.104,0.044
AAAGTAGGTGCACCAC-1,1,STROM,Tissue_stem_cells,Adipocytes,DIF,0.188,0.332,0.214,0.266
AAAGTAGGTGTTAAGA-1,2,LYMPH,T_cells,CD8+ T-cells,DIF,0.388,0.274,0.148,0.19
AAAGTAGGTTACGTCA-1,1,STROM,Tissue_stem_cells,Mesangial cells,MES,0.132,0.124,0.154,0.59
AAAGTAGTCAACTCTT-1,2,LYMPH,T_cells,CD8+ T-cells,DIF,0.196,0.456,0.184,0.164
AAAGTAGTCACAGTAC-1,2,LYMPH,T_cells,CD8+ T-cells,DIF,0.106,0.578,0.216,0.1
AAAGTAGTCACCACCT-1,5,EPI,Epithelial_cells,Epithelial cells,DIF,0.13,0.614,0.202,0.054
AAAGTAGTCAGTACGT-1,1,EPI,MSC,Adipocytes,MES,0.068,0.092,0.234,0.606
AAAGTAGTCCGCGTTT-1,4,EPI,iPS_cells,Epithelial cells,PRO,0.248,0.306,0.322,0.124
AAAGTAGTCTCAAACG-1,3,MYE,Macrophage,Macrophages,DIF,0.294,0.308,0.208,0.19
AAATGCCAGCCCGAAA-1,5,EPI,Epithelial_cells,Epithelial cells,PRO,0.068,0.29,0.552,0.09
AAATGCCAGCCGGTAA-1,5,EPI,Epithelial_cells,Epithelial cells,DIF,0.1,0.538,0.28,0.082
AAATGCCAGGTAGCCA-1,3,MYE,Macrophage,Monocytes,DIF,0.37,0.288,0.178,0.164
AAATGCCAGTATCTCG-1,1,STROM,Fibroblasts,Adipocytes,MES,0.132,0.126,0.18,0.562
AAATGCCAGTCTCAAC-1,2,LYMPH,T_cells,CD8+ T-cells,DIF,0.14,0.366,0.32,0.174
AAATGCCAGTCTCGGC-1,11,LYMPH,B_cell,B-cells,DIF,0.136,0.604,0.188,0.072
AAATGCCAGTGACATA-1,4,EPI,Neuroepithelial_cell,Mesangial cells,DIF,0.116,0.416,0.34,0.128
AAATGCCAGTGGTAAT-1,3,MYE,Macrophage,Macrophages,IMR,0.356,0.212,0.234,0.198
AAATGCCCAATCGGTT-1,5,EPI,Epithelial_cells,Epithelial cells,DIF,0.086,0.764,0.112,0.038
AAATGCCCACATGGGA-1,2,LYMPH,T_cells,CD4+ T-cells,DIF,0.338,0.236,0.24,0.186
AAATGCCCAGACTCGC-1,3,MYE,Macrophage,Macrophages,DIF,0.294,0.498,0.114,0.094
AAATGCCCAGCTCGCA-1,1,STROM,Fibroblasts,Adipocytes,MES,0.19,0.268,0.196,0.346
AAATGCCCAGGCGATA-1,3,MYE,Macrophage,Macrophages,IMR,0.468,0.346,0.058,0.128
AAATGCCCAGGGTATG-1,5,EPI,Epithelial_cells,Adipocytes,DIF,0.208,0.654,0.09,0.048
AAATGCCCATAGGATA-1,3,MYE,Macrophage,Monocytes,DIF,0.27,0.474,0.128,0.128
AAATGCCCATCTCCCA-1,6,LYMPH,T_cells,CD8+ T-cells,DIF,0.14,0.552,0.196,0.112
AAATGCCCATTTCAGG-1,2,LYMPH,T_cells,CD8+ T-cells,DIF,0.164,0.416,0.25,0.17
AAATGCCGTACTTAGC-1,1,STROM,Tissue_stem_cells,Fibroblasts,MES,0.132,0.106,0.148,0.614
AAATGCCGTAGAAGGA-1,1,STROM,Tissue_stem_cells,Adipocytes,MES,0.088,0.102,0.13,0.68
AAATGCCGTAGGACAC-1,3,MYE,Macrophage,Macrophages,DIF,0.318,0.35,0.146,0.186
AAATGCCGTATGAATG-1,4,EPI,Epithelial_cells,Mesangial cells,MES,0.134,0.304,0.258,0.304
AAATGCCGTCGCCATG-1,3,MYE,Monocyte,Monocytes,IMR,0.322,0.29,0.212,0.176
AAATGCCGTGAAATCA-1,3,MYE,Macrophage,Macrophages,DIF,0.224,0.484,0.14,0.152
AAATGCCGTGCAACGA-1,5,EPI,Epithelial_cells,Macrophages,IMR,0.334,0.264,0.23,0.172
AAATGCCGTGTATGGG-1,3,MYE,Macrophage,Macrophages,DIF,0.238,0.46,0.146,0.156
AAATGCCGTTCCACGG-1,3,MYE,Monocyte,Monocytes,DIF,0.268,0.314,0.202,0.216
AAATGCCGTTCCATGA-1,1,STROM,Osteoblasts,Mesangial cells,MES,0.098,0.15,0.192,0.56
AAATGCCGTTCTCATT-1,3,MYE,Macrophage,Macrophages,DIF,0.204,0.526,0.136,0.134
AAATGCCGTTTGACTG-1,1,EPI,MSC,Adipocytes,MES,0.082,0.262,0.298,0.358
AAATGCCTCAGTTGAC-1,5,EPI,iPS_cells,Epithelial cells,PRO,0.078,0.348,0.482,0.092
AAATGCCTCATGTGGT-1,5,EPI,Epithelial_cells,Epithelial cells,PRO,0.156,0.346,0.382,0.116
AAATGCCTCCACGTTC-1,4,EPI,Epithelial_cells,Epithelial cells,DIF,0.178,0.41,0.276,0.136
AAATGCCTCCAGATCA-1,2,LYMPH,NK_cell,NK cells,DIF,0.174,0.544,0.16,0.122
AAATGCCTCCCAAGTA-1,3,MYE,Monocyte,Macrophages,DIF,0.418,0.422,0.076,0.084
AAATGCCTCCGTCAAA-1,3,MYE,Macrophage,Macrophages,IMR,0.444,0.268,0.142,0.146
AAATGCCTCGACCAGC-1,4,EPI,Epithelial_cells,Epithelial cells,DIF,0.09,0.7,0.14,0.07
AAATGCCTCGTGGTCG-1,2,LYMPH,T_cells,CD8+ T-cells,DIF,0.288,0.382,0.17,0.16
AAATGCCTCTGAGGGA-1,5,EPI,Epithelial_cells,Epithelial cells,DIF,0.086,0.608,0.246,0.06
AAATGCCTCTTGCATT-1,2,LYMPH,T_cells,CD8+ T-cells,DIF,0.178,0.36,0.25,0.212
AACACGTAGACAAAGG-1,5,EPI,Epithelial_cells,Epithelial cells,DIF,0.188,0.472,0.286,0.054
AACACGTAGACAAGCC-1,5,EPI,Epithelial_cells,Epithelial cells,DIF,0.072,0.774,0.112,0.042
AACACGTAGCACCGCT-1,9,EPI,iPS_cells,Mesangial cells,PRO,0.09,0.254,0.532,0.124
AACACGTAGCAGATCG-1,3,MYE,Macrophage,Macrophages,IMR,0.362,0.278,0.132,0.228
AACACGTAGCAGGTCA-1,7,STROM,Tissue_stem_cells,Fibroblasts,MES,0.1,0.116,0.19,0.594
AACACGTAGCGTGAAC-1,4,EPI,Epithelial_cells,Epithelial cells,DIF,0.188,0.606,0.122,0.084
AACACGTAGTGAACGC-1,5,EPI,Epithelial_cells,Epithelial cells,DIF,0.076,0.75,0.136,0.038
AACACGTAGTGTACGG-1,12,LYMPH,B_cell,B-cells,DIF,0.276,0.364,0.176,0.184
AACACGTAGTTTCCTT-1,2,LYMPH,T_cells,CD8+ T-cells,DIF,0.162,0.418,0.226,0.194
AACACGTCAATCACAC-1,3,MYE,Macrophage,Macrophages,IMR,0.468,0.18,0.138,0.214
AACACGTCACCTTGTC-1,5,STROM,Tissue_stem_cells,Mesangial cells,DIF,0.136,0.506,0.19,0.168
AACACGTCAGGCGATA-1,3,MYE,Monocyte,Monocytes,DIF,0.388,0.366,0.12,0.126
AACACGTCAGTGAGTG-1,2,LYMPH,T_cells,CD8+ T-cells,DIF,0.148,0.432,0.226,0.194
AACACGTGTACTTGAC-1,2,LYMPH,NK_cell,NK cells,DIF,0.23,0.386,0.216,0.168
AACACGTGTATTACCG-1,5,EPI,Fibroblasts,Epithelial cells,DIF,0.108,0.63,0.204,0.058
AACACGTGTCGACTAT-1,8,MYE,DC,Adipocytes,DIF,0.414,0.434,0.066,0.086
AACACGTGTCGTTGTA-1,5,EPI,Epithelial_cells,Mesangial cells,DIF,0.13,0.514,0.222,0.134
AACACGTGTGGTCCGT-1,11,LYMPH,B_cell,HSC,DIF,0.238,0.388,0.22,0.154
AACACGTGTGTCAATC-1,4,EPI,Epithelial_cells,Epithelial cells,DIF,0.11,0.438,0.326,0.126
AACACGTGTGTTGAGG-1,5,EPI,Epithelial_cells,Epithelial cells,DIF,0.202,0.636,0.112,0.05
AACACGTGTTTAAGCC-1,5,EPI,Epithelial_cells,Epithelial cells,PRO,0.134,0.398,0.392,0.076
AACACGTGTTTGTTTC-1,3,MYE,Macrophage,Macrophages,DIF,0.328,0.28,0.134,0.258
AACACGTTCCCGGATG-1,5,EPI,Epithelial_cells,Epithelial cells,DIF,0.12,0.574,0.194,0.112
AACACGTTCCTATGTT-1,5,EPI,Epithelial_cells,Epithelial cells,DIF,0.07,0.682,0.214,0.034
AACACGTTCCTCATTA-1,6,LYMPH,T_cells,HSC,DIF,0.17,0.526,0.176,0.128
AACACGTTCGCTAGCG-1,12,LYMPH,B_cell,HSC,PRO,0.098,0.396,0.39,0.116
AACACGTTCTGCGGCA-1,5,MYE,Macrophage,Adipocytes,DIF,0.1,0.602,0.188,0.11
AACACGTTCTTTAGGG-1,2,LYMPH,T_cells,CD8+ T-cells,DIF,0.166,0.406,0.274,0.154
AACCATGAGAAGGCCT-1,9,EPI,Epithelial_cells,HSC,DIF,0.248,0.552,0.15,0.05
AACCATGAGAAGGTGA-1,3,MYE,Macrophage,Macrophages,IMR,0.476,0.222,0.102,0.2
AACCATGAGAGCTGGT-1,5,EPI,Epithelial_cells,Mesangial cells,DIF,0.148,0.738,0.08,0.034
AACCATGAGAGGACGG-1,3,MYE,Macrophage,Monocytes,DIF,0.376,0.362,0.13,0.132
AACCATGAGATATGGT-1,2,LYMPH,T_cells,CD4+ T-cells,DIF,0.358,0.248,0.238,0.156
AACCATGAGCGACGTA-1,1,STROM,Tissue_stem_cells,Adipocytes,MES,0.154,0.108,0.188,0.55
AACCATGAGGATTCGG-1,10,EPI,Epithelial_cells,Epithelial cells,DIF,0.228,0.498,0.152,0.122
AACCATGAGTCAAGCG-1,3,MYE,Macrophage,Macrophages,IMR,0.284,0.258,0.248,0.21
AACCATGAGTGTCCAT-1,3,MYE,Macrophage,Macrophages,IMR,0.352,0.212,0.14,0.296
AACCATGCAAGCCGTC-1,1,STROM,Smooth_muscle_cells,Fibroblasts,MES,0.162,0.166,0.156,0.516
AACCATGCACGGCTAC-1,6,LYMPH,T_cells,CD8+ T-cells,DIF,0.172,0.364,0.248,0.216
AACCATGCACTCGACG-1,8,MYE,Macrophage,Macrophages,DIF,0.366,0.386,0.108,0.14
AACCATGCAGACAGGT-1,2,LYMPH,T_cells,CD4+ T-cells,DIF,0.172,0.506,0.176,0.146
AACCATGCAGCTGCAC-1,2,LYMPH,T_cells,CD4+ T-cells,IMR,0.314,0.276,0.138,0.272
AACCATGCAGGGCATA-1,3,MYE,Macrophage,Macrophages,DIF,0.212,0.51,0.156,0.122
AACCATGCAGTCTTCC-1,5,EPI,Epithelial_cells,Epithelial cells,DIF,0.09,0.798,0.084,0.028
AACCATGCAGTGGGAT-1,2,LYMPH,T_cells,CD8+ T-cells,DIF,0.142,0.424,0.292,0.142
AACCATGGTAGATTAG-1,7,STROM,Fibroblasts,Mesangial cells,PRO,0.088,0.33,0.454,0.128
AACCATGGTAGCCTAT-1,3,MYE,DC,Macrophages,IMR,0.534,0.278,0.064,0.124
AACCATGGTAGCCTCG-1,3,MYE,Monocyte,Macrophages,IMR,0.374,0.192,0.152,0.282
AACCATGGTCATATGC-1,5,EPI,Epithelial_cells,Epithelial cells,DIF,0.114,0.67,0.156,0.06
AACCATGGTCTAACGT-1,1,STROM,Fibroblasts,Adipocytes,MES,0.152,0.088,0.174,0.586
AACCATGGTCTCTTTA-1,5,MYE,Macrophage,Adipocytes,DIF,0.238,0.464,0.17,0.128
AACCATGGTTACTGAC-1,3,MYE,Macrophage,Macrophages,DIF,0.388,0.346,0.112,0.154
AACCATGGTTATCGGT-1,5,EPI,Epithelial_cells,Epithelial cells,DIF,0.174,0.44,0.198,0.188
AACCATGGTTGGACCC-1,2,LYMPH,T_cells,CD8+ T-cells,DIF,0.182,0.534,0.164,0.12
AACCATGTCAACCAAC-1,5,EPI,Epithelial_cells,Epithelial cells,DIF,0.08,0.462,0.38,0.078
AACCATGTCAAGGCTT-1,5,EPI,Epithelial_cells,Epithelial cells,DIF,0.11,0.454,0.38,0.056
AACCATGTCAGGTTCA-1,3,MYE,Macrophage,Macrophages,IMR,0.448,0.39,0.072,0.09
AACCATGTCATAGCAC-1,2,LYMPH,NK_cell,NK cells,DIF,0.27,0.34,0.18,0.21
AACCATGTCGACAGCC-1,2,MYE,DC,Adipocytes,DIF,0.276,0.32,0.198,0.206
AACCATGTCGCCTGTT-1,4,EPI,Epithelial_cells,Epithelial cells,DIF,0.11,0.664,0.148,0.078
AACCATGTCTCAACTT-1,5,EPI,Epithelial_cells,Epithelial cells,DIF,0.22,0.416,0.192,0.172
AACCATGTCTTTACGT-1,2,LYMPH,T_cells,CD8+ T-cells,DIF,0.274,0.294,0.254,0.178
AACCGCGAGAATAGGG-1,5,LYMPH,T_cells,HSC,DIF,0.224,0.358,0.188,0.23
AACCGCGAGCCCAGCT-1,1,EPI,MSC,Adipocytes,MES,0.074,0.116,0.224,0.586
AACCGCGAGCTAGGCA-1,2,LYMPH,T_cells,CD8+ T-cells,DIF,0.226,0.47,0.16,0.144
AACCGCGAGGCGACAT-1,5,EPI,Epithelial_cells,Epithelial cells,DIF,0.08,0.454,0.412,0.054
AACCGCGAGGGAAACA-1,3,MYE,Macrophage,Monocytes,DIF,0.154,0.356,0.254,0.236
AACCGCGAGGTTACCT-1,5,EPI,Epithelial_cells,Epithelial cells,DIF,0.188,0.408,0.298,0.106
AACCGCGCAAAGCGGT-1,10,EPI,Epithelial_cells,Mesangial cells,DIF,0.176,0.406,0.266,0.152
AACCGCGCAAGAAAGG-1,5,STROM,Fibroblasts,Mesangial cells,DIF,0.194,0.452,0.21,0.144
AACCGCGCAATGACCT-1,2,LYMPH,T_cells,CD8+ T-cells,DIF,0.256,0.318,0.192,0.234
AACCGCGCACGGACAA-1,2,LYMPH,T_cells,CD8+ T-cells,DIF,0.128,0.448,0.256,0.168
AACCGCGCAGCTTAAC-1,3,MYE,Macrophage,Macrophages,DIF,0.346,0.422,0.13,0.102
AACCGCGCAGCTTCGG-1,3,MYE,Macrophage,Macrophages,IMR,0.376,0.308,0.138,0.178
AACCGCGGTACACCGC-1,3,MYE,Macrophage,Macrophages,IMR,0.418,0.194,0.216,0.172
AACCGCGTCAACGGGA-1,6,LYMPH,T_cells,CD4+ T-cells,DIF,0.25,0.28,0.228,0.242
AACCGCGTCACTTATC-1,2,LYMPH,T_cells,CD8+ T-cells,DIF,0.286,0.316,0.204,0.194
AACCGCGTCCGCGTTT-1,3,MYE,Macrophage,Macrophages,DIF,0.27,0.318,0.188,0.224
AACCGCGTCGAATGGG-1,3,MYE,Macrophage,Macrophages,DIF,0.226,0.396,0.192,0.186
AACCGCGTCGCGTTTC-1,5,EPI,Epithelial_cells,Epithelial cells,DIF,0.134,0.69,0.114,0.062
AACCGCGTCGGAATCT-1,6,LYMPH,T_cells,CD8+ T-cells,DIF,0.17,0.51,0.206,0.114
AACCGCGTCTAGAGTC-1,10,EPI,Epithelial_cells,Epithelial cells,DIF,0.176,0.454,0.16,0.21
AACCGCGTCTTGTACT-1,3,MYE,Macrophage,Macrophages,IMR,0.48,0.194,0.174,0.152
AACCGCGTCTTGTATC-1,6,LYMPH,T_cells,CD4+ T-cells,DIF,0.154,0.428,0.282,0.136
AACGTTGAGAAACCTA-1,5,EPI,Epithelial_cells,Epithelial cells,DIF,0.138,0.414,0.33,0.118
AACGTTGAGCTAGTTC-1,2,LYMPH,NK_cell,NK cells,DIF,0.352,0.308,0.172,0.168
AACGTTGAGCTGCGAA-1,3,MYE,Macrophage,Macrophages,DIF,0.304,0.262,0.238,0.196
AACGTTGAGTACATGA-1,3,MYE,Macrophage,Macrophages,DIF,0.224,0.452,0.188,0.136
AACGTTGAGTCGAGTG-1,2,LYMPH,T_cells,CD4+ T-cells,DIF,0.246,0.324,0.21,0.22
AACGTTGCACATCTTT-1,3,MYE,DC,Macrophages,DIF,0.378,0.392,0.094,0.136
AACGTTGCACCAGTTA-1,1,STROM,Fibroblasts,Adipocytes,MES,0.096,0.072,0.116,0.716
AACGTTGCAGCCAATT-1,3,MYE,Macrophage,Monocytes,IMR,0.412,0.24,0.108,0.24
AACGTTGCAGTAGAGC-1,9,EPI,iPS_cells,Epithelial cells,PRO,0.088,0.252,0.574,0.086
AACGTTGCATACGCCG-1,6,LYMPH,T_cells,CD8+ T-cells,DIF,0.392,0.306,0.144,0.158
AACGTTGGTCACACGC-1,3,MYE,Macrophage,Macrophages,DIF,0.33,0.31,0.134,0.226
AACGTTGGTCACCCAG-1,3,MYE,Pre-B_cell_CD34-,Monocytes,DIF,0.274,0.438,0.118,0.17
AACGTTGGTCCAGTAT-1,6,LYMPH,T_cells,CD4+ T-cells,DIF,0.194,0.396,0.14,0.27
AACGTTGGTCTCTCTG-1,5,EPI,Epithelial_cells,Epithelial cells,DIF,0.114,0.41,0.356,0.12
AACGTTGGTGCACCAC-1,2,LYMPH,T_cells,CD8+ T-cells,DIF,0.24,0.38,0.206,0.174
AACGTTGGTGTATGGG-1,1,STROM,Tissue_stem_cells,Mesangial cells,MES,0.134,0.13,0.25,0.486
AACGTTGGTTACGACT-1,3,MYE,Macrophage,Monocytes,IMR,0.57,0.262,0.06,0.108
AACGTTGTCGAACGGA-1,7,ENDO,Endothelial_cells,Adipocytes,DIF,0.154,0.394,0.338,0.114
AACGTTGTCGGAAACG-1,2,LYMPH,T_cells,CD8+ T-cells,DIF,0.17,0.478,0.21,0.142
AACGTTGTCTTCCTTC-1,3,MYE,DC,Macrophages,DIF,0.176,0.54,0.16,0.124
AACGTTGTCTTGCCGT-1,3,MYE,Macrophage,Macrophages,DIF,0.354,0.396,0.104,0.146
AACTCAGAGCTAACTC-1,4,EPI,Epithelial_cells,Adipocytes,DIF,0.124,0.584,0.24,0.052
AACTCAGAGCTATGCT-1,3,MYE,Monocyte,Macrophages,IMR,0.426,0.338,0.094,0.142
AACTCAGAGCTCAACT-1,2,LYMPH,T_cells,CD8+ T-cells,DIF,0.158,0.428,0.24,0.174
AACTCAGAGGATATAC-1,3,MYE,Macrophage,Macrophages,DIF,0.284,0.502,0.094,0.12
AACTCAGAGTTTGCGT-1,2,LYMPH,NK_cell,CD8+ T-cells,PRO,0.138,0.352,0.334,0.176
AACTCAGCAAAGGCGT-1,2,LYMPH,T_cells,CD8+ T-cells,DIF,0.16,0.396,0.306,0.138
AACTCAGCAACTGCGC-1,3,MYE,Macrophage,Macrophages,IMR,0.414,0.27,0.098,0.218
AACTCAGCAAGTAATG-1,1,STROM,Tissue_stem_cells,Fibroblasts,MES,0.134,0.11,0.12,0.636
AACTCAGCAATGGAAT-1,2,LYMPH,T_cells,CD4+ T-cells,PRO,0.12,0.338,0.438,0.104
AACTCAGCACCAGCAC-1,5,EPI,Epithelial_cells,Epithelial cells,PRO,0.09,0.368,0.46,0.082
AACTCAGCAGCTGGCT-1,3,MYE,Macrophage,Macrophages,IMR,0.392,0.362,0.126,0.12
AACTCAGCAGTGACAG-1,2,LYMPH,T_cells,CD8+ T-cells,DIF,0.23,0.432,0.19,0.148
AACTCAGCATCACGTA-1,3,MYE,Macrophage,Macrophages,DIF,0.41,0.288,0.106,0.196
AACTCAGGTAAGGATT-1,8,EPI,Epithelial_cells,B-cells,DIF,0.158,0.304,0.28,0.258
AACTCAGGTACCCAAT-1,2,LYMPH,T_cells,CD8+ T-cells,DIF,0.188,0.466,0.234,0.112
AACTCAGGTCACACGC-1,3,MYE,Macrophage,Macrophages,DIF,0.214,0.552,0.12,0.114
AACTCAGGTCAGAAGC-1,3,MYE,Macrophage,Macrophages,DIF,0.254,0.47,0.148,0.128
AACTCAGGTGCTAGCC-1,8,MYE,DC,HSC,DIF,0.196,0.628,0.086,0.09
AACTCAGTCAACGGGA-1,5,EPI,Epithelial_cells,Epithelial cells,DIF,0.076,0.614,0.264,0.046
AACTCAGTCATAACCG-1,5,EPI,Epithelial_cells,Epithelial cells,PRO,0.098,0.314,0.4,0.188
AACTCAGTCGCTAGCG-1,2,LYMPH,NK_cell,NK cells,DIF,0.148,0.36,0.302,0.19
AACTCCCAGAAGGTGA-1,2,LYMPH,T_cells,CD4+ T-cells,DIF,0.14,0.486,0.222,0.152
AACTCCCAGACCACGA-1,3,MYE,Macrophage,Monocytes,IMR,0.45,0.282,0.128,0.14
AACTCCCAGATATGGT-1,5,EPI,Epithelial_cells,Mesangial cells,DIF,0.196,0.44,0.204,0.16
AACTCCCAGCCGCCTA-1,9,EPI,Epithelial_cells,Monocytes,DIF,0.3,0.27,0.198,0.232
AACTCCCAGGGATGGG-1,3,MYE,DC,Monocytes,DIF,0.378,0.44,0.118,0.064
AACTCCCAGTCGAGTG-1,2,LYMPH,T_cells,CD8+ T-cells,DIF,0.154,0.442,0.2,0.204
AACTCCCCAAGAAGAG-1,5,EPI,Epithelial_cells,Mesangial cells,DIF,0.23,0.41,0.216,0.144
AACTCCCCAAGCTGGA-1,1,STROM,Tissue_stem_cells,Fibroblasts,MES,0.108,0.156,0.232,0.504
AACTCCCCACCATCCT-1,2,LYMPH,T_cells,CD4+ T-cells,DIF,0.134,0.434,0.25,0.182
AACTCCCCACGGCTAC-1,9,EPI,Epithelial_cells,Mesangial cells,DIF,0.106,0.626,0.21,0.058
AACTCCCCAGATGAGC-1,6,LYMPH,T_cells,CD8+ T-cells,DIF,0.168,0.368,0.338,0.126
AACTCCCCAGCTCGCA-1,1,STROM,Fibroblasts,Mesangial cells,MES,0.116,0.146,0.266,0.472
AACTCCCCATAGACTC-1,5,EPI,Epithelial_cells,Mesangial cells,DIF,0.214,0.52,0.162,0.104
AACTCCCCATCAGTCA-1,2,EPI,Epithelial_cells,B-cells,DIF,0.102,0.466,0.366,0.066
AACTCCCCATCATCCC-1,3,MYE,Macrophage,Macrophages,DIF,0.332,0.386,0.138,0.144
AACTCCCCATCTACGA-1,2,LYMPH,T_cells,CD8+ T-cells,DIF,0.14,0.506,0.216,0.138
AACTCCCCATGGTCTA-1,3,MYE,Monocyte,Monocytes,IMR,0.41,0.276,0.134,0.18
AACTCCCGTACCGTAT-1,5,EPI,Epithelial_cells,Mesangial cells,DIF,0.15,0.484,0.306,0.06
AACTCCCGTACCGTTA-1,3,MYE,Monocyte,Monocytes,DIF,0.214,0.306,0.236,0.244
AACTCCCGTACCTACA-1,3,MYE,Macrophage,Macrophages,DIF,0.276,0.384,0.192,0.148
AACTCCCGTAGTAGTA-1,2,LYMPH,T_cells,CD8+ T-cells,DIF,0.162,0.532,0.21,0.096
AACTCCCGTCTAGTGT-1,3,MYE,Macrophage,Macrophages,DIF,0.23,0.292,0.28,0.198
AACTCCCGTGAAATCA-1,3,MYE,Monocyte,Monocytes,IMR,0.406,0.266,0.178,0.15
AACTCCCGTTACGGAG-1,2,LYMPH,NK_cell,NK cells,DIF,0.178,0.38,0.248,0.194
AACTCCCGTTATGTGC-1,3,MYE,Monocyte,Monocytes,DIF,0.302,0.332,0.162,0.204
AACTCCCGTTCGGGCT-1,5,EPI,Epithelial_cells,Epithelial cells,DIF,0.156,0.624,0.164,0.056
AACTCCCGTTGCTCCT-1,2,LYMPH,T_cells,CD8+ T-cells,DIF,0.176,0.414,0.212,0.198
AACTCCCTCAATAAGG-1,3,MYE,Macrophage,Monocytes,DIF,0.288,0.358,0.162,0.192
AACTCCCTCAGTGCAT-1,3,MYE,DC,Monocytes,DIF,0.306,0.324,0.204,0.166
AACTCCCTCATCGCTC-1,5,EPI,Epithelial_cells,Epithelial cells,DIF,0.192,0.54,0.164,0.104
AACTCCCTCCTGCCAT-1,6,MYE,Macrophage,CD4+ T-cells,DIF,0.152,0.404,0.218,0.226
AACTCCCTCGCATGGC-1,11,MYE,Pre-B_cell_CD34-,Monocytes,DIF,0.186,0.348,0.254,0.212
AACTCCCTCGCGTTTC-1,2,LYMPH,T_cells,CD4+ T-cells,DIF,0.154,0.302,0.288,0.256
AACTCCCTCGGTGTCG-1,7,ENDO,Endothelial_cells,Adipocytes,DIF,0.19,0.598,0.11,0.102
AACTCCCTCTATCCCG-1,3,MYE,Monocyte,Macrophages,DIF,0.312,0.326,0.162,0.2
AACTCCCTCTTCGAGA-1,5,EPI,Epithelial_cells,Epithelial cells,PRO,0.144,0.332,0.472,0.052
AACTCTTAGACCGGAT-1,1,STROM,Tissue_stem_cells,Adipocytes,MES,0.078,0.076,0.122,0.724
AACTCTTAGATCACGG-1,1,STROM,Tissue_stem_cells,Adipocytes,MES,0.132,0.194,0.224,0.45
AACTCTTAGGCGATAC-1,12,LYMPH,B_cell,B-cells,DIF,0.244,0.282,0.214,0.26
AACTCTTAGGTGCACA-1,3,MYE,Macrophage,Monocytes,IMR,0.42,0.316,0.108,0.156
AACTCTTAGGTGCTAG-1,3,MYE,Macrophage,Monocytes,DIF,0.244,0.406,0.156,0.194
AACTCTTAGTATGACA-1,3,MYE,Monocyte,Monocytes,DIF,0.336,0.374,0.14,0.15
AACTCTTAGTTACGGG-1,5,EPI,Epithelial_cells,Epithelial cells,DIF,0.134,0.654,0.146,0.066
AACTCTTCACATGTGT-1,3,MYE,Macrophage,Macrophages,DIF,0.322,0.36,0.152,0.166
AACTCTTCACGACGAA-1,2,LYMPH,NK_cell,NK cells,DIF,0.28,0.334,0.242,0.144
AACTCTTCAGGTGGAT-1,6,LYMPH,T_cells,CD8+ T-cells,DIF,0.172,0.418,0.238,0.172
AACTCTTCATCCGGGT-1,3,MYE,Macrophage,Macrophages,DIF,0.25,0.328,0.182,0.24
AACTCTTCATGATCCA-1,1,STROM,Tissue_stem_cells,Fibroblasts,MES,0.138,0.252,0.18,0.43
AACTCTTCATTAGCCA-1,3,MYE,Macrophage,Macrophages,IMR,0.326,0.354,0.126,0.194
AACTCTTGTAAATACG-1,3,MYE,Macrophage,Macrophages,IMR,0.382,0.356,0.126,0.136
AACTCTTGTCGAATCT-1,3,MYE,Monocyte,Monocytes,DIF,0.306,0.324,0.16,0.21
AACTCTTTCAAACAAG-1,3,MYE,Monocyte,Monocytes,IMR,0.468,0.306,0.11,0.116
AACTCTTTCCCATTAT-1,3,MYE,Macrophage,Macrophages,IMR,0.47,0.272,0.128,0.13
AACTCTTTCCGAGCCA-1,6,LYMPH,T_cells,CD4+ T-cells,DIF,0.14,0.542,0.2,0.118
AACTCTTTCCTAGTGA-1,5,STROM,Fibroblasts,Mesangial cells,DIF,0.126,0.452,0.298,0.124
AACTCTTTCCTTTACA-1,9,EPI,Epithelial_cells,Epithelial cells,DIF,0.252,0.378,0.262,0.108
AACTGGTCAAGCCGTC-1,8,EPI,Epithelial_cells,Epithelial cells,DIF,0.144,0.504,0.246,0.106
AACTGGTCACCCATGG-1,3,MYE,Macrophage,Macrophages,DIF,0.244,0.526,0.112,0.118
AACTGGTCACCGCTAG-1,12,LYMPH,B_cell,B-cells,DIF,0.284,0.356,0.188,0.172
AACTGGTCACCTCGTT-1,12,LYMPH,B_cell,B-cells,DIF,0.174,0.504,0.156,0.166
AACTGGTCAGCTGCTG-1,2,LYMPH,T_cells,CD8+ T-cells,DIF,0.226,0.43,0.224,0.12
AACTGGTCAGTCAGAG-1,2,LYMPH,T_cells,CD8+ T-cells,DIF,0.224,0.402,0.224,0.15
AACTGGTCATACAGCT-1,6,LYMPH,NK_cell,CD8+ T-cells,DIF,0.106,0.48,0.34,0.074
AACTGGTCATCCCACT-1,1,STROM,Tissue_stem_cells,Mesangial cells,MES,0.15,0.174,0.306,0.37
AACTGGTCATGGAATA-1,4,EPI,Epithelial_cells,HSC,DIF,0.146,0.59,0.172,0.092
AACTGGTCATGTCGAT-1,5,EPI,Epithelial_cells,Epithelial cells,DIF,0.108,0.71,0.128,0.054
AACTGGTCATTTCAGG-1,4,EPI,Fibroblasts,Epithelial cells,DIF,0.14,0.502,0.224,0.134
AACTGGTGTAGCGCTC-1,3,MYE,Macrophage,Macrophages,IMR,0.4,0.314,0.148,0.138
AACTGGTGTAGTACCT-1,3,MYE,Macrophage,Macrophages,IMR,0.432,0.344,0.116,0.108
AACTGGTGTATGAATG-1,2,LYMPH,NK_cell,NK cells,DIF,0.104,0.764,0.09,0.042
AACTGGTGTCAACATC-1,1,STROM,Tissue_stem_cells,Adipocytes,MES,0.034,0.046,0.076,0.844
AACTGGTGTCAAGCGA-1,3,MYE,Macrophage,Macrophages,DIF,0.356,0.354,0.122,0.168
AACTGGTGTCCATGAT-1,2,LYMPH,T_cells,CD8+ T-cells,DIF,0.266,0.332,0.162,0.24
AACTGGTGTCGGGTCT-1,8,MYE,DC,Mesangial cells,DIF,0.118,0.406,0.3,0.176
AACTGGTGTCTCTCTG-1,6,LYMPH,T_cells,CD4+ T-cells,DIF,0.302,0.416,0.132,0.15
AACTGGTGTTAAAGAC-1,1,STROM,Tissue_stem_cells,Adipocytes,MES,0.15,0.232,0.286,0.332
AACTGGTGTTACTGAC-1,8,LYMPH,Pro-B_cell_CD34+,HSC,DIF,0.27,0.43,0.208,0.092
AACTGGTTCATTATCC-1,3,MYE,Pre-B_cell_CD34-,Macrophages,DIF,0.098,0.432,0.344,0.126
AACTGGTTCCTCATTA-1,5,MYE,Monocyte,Monocytes,DIF,0.322,0.416,0.156,0.106
AACTGGTTCCTCGCAT-1,2,LYMPH,T_cells,CD4+ T-cells,DIF,0.192,0.356,0.266,0.186
AACTGGTTCGATAGAA-1,1,MYE,Macrophage,Adipocytes,DIF,0.294,0.322,0.126,0.258
AACTGGTTCGGTCTAA-1,3,MYE,Monocyte,Monocytes,IMR,0.294,0.254,0.122,0.33
AACTGGTTCGTGACAT-1,5,EPI,Epithelial_cells,Epithelial cells,DIF,0.172,0.608,0.094,0.126
AACTGGTTCTCGAGTA-1,1,STROM,Chondrocytes,Mesangial cells,DIF,0.174,0.33,0.242,0.254
AACTGGTTCTGATACG-1,3,MYE,Macrophage,Macrophages,DIF,0.268,0.378,0.152,0.202
AACTGGTTCTGATTCT-1,4,EPI,Epithelial_cells,Epithelial cells,DIF,0.092,0.7,0.158,0.05
AACTTTCAGCAGGTCA-1,7,STROM,Fibroblasts,Mesangial cells,DIF,0.15,0.592,0.174,0.084
AACTTTCAGCGATATA-1,3,MYE,Macrophage,Monocytes,IMR,0.4,0.336,0.134,0.13
AACTTTCAGGTGATAT-1,3,MYE,Macrophage,Macrophages,DIF,0.292,0.294,0.26,0.154
AACTTTCAGTAGGTGC-1,2,LYMPH,T_cells,CD8+ T-cells,DIF,0.09,0.662,0.15,0.098
AACTTTCAGTCCCACG-1,2,LYMPH,T_cells,CD4+ T-cells,DIF,0.162,0.408,0.276,0.154
AACTTTCAGTGCAAGC-1,5,EPI,Epithelial_cells,Epithelial cells,PRO,0.144,0.358,0.362,0.136
AACTTTCAGTTCCACA-1,3,MYE,Monocyte,Monocytes,DIF,0.26,0.512,0.086,0.142
AACTTTCCAAGTCATC-1,3,MYE,Macrophage,Macrophages,IMR,0.506,0.304,0.074,0.116
AACTTTCCACGCGAAA-1,5,EPI,Epithelial_cells,Epithelial cells,DIF,0.092,0.52,0.334,0.054
AACTTTCCAGACGCTC-1,3,MYE,Macrophage,Macrophages,MES,0.218,0.268,0.266,0.248
AACTTTCCAGCGTTCG-1,1,STROM,Tissue_stem_cells,Mesangial cells,DIF,0.118,0.446,0.18,0.256
AACTTTCCATTCGACA-1,3,MYE,Macrophage,Macrophages,MES,0.266,0.23,0.164,0.34
AACTTTCCATTTGCTT-1,3,MYE,DC,Monocytes,IMR,0.412,0.356,0.1,0.132
AACTTTCGTATGAAAC-1,5,EPI,Epithelial_cells,Epithelial cells,DIF,0.104,0.644,0.236,0.016
AACTTTCGTGATAAAC-1,3,MYE,Macrophage,Adipocytes,DIF,0.28,0.306,0.248,0.166
AACTTTCGTGTCTGAT-1,2,LYMPH,T_cells,CD8+ T-cells,DIF,0.172,0.418,0.202,0.208
AACTTTCGTTATCGGT-1,2,LYMPH,T_cells,CD8+ T-cells,DIF,0.166,0.322,0.324,0.188
AACTTTCGTTGAGTTC-1,5,EPI,Epithelial_cells,Epithelial cells,DIF,0.12,0.604,0.194,0.082
AACTTTCTCACTCTTA-1,3,MYE,Macrophage,Macrophages,IMR,0.506,0.204,0.052,0.238
AACTTTCTCCAGAGGA-1,3,MYE,Macrophage,Monocytes,DIF,0.292,0.26,0.29,0.158
AACTTTCTCGCATGGC-1,2,LYMPH,NK_cell,NK cells,DIF,0.19,0.334,0.278,0.198
AACTTTCTCTTGACGA-1,1,STROM,Fibroblasts,Adipocytes,MES,0.078,0.074,0.232,0.616
AACTTTCTCTTTAGTC-1,2,LYMPH,T_cells,CD4+ T-cells,DIF,0.25,0.324,0.16,0.266
AAGACCTAGAGATGAG-1,2,LYMPH,NK_cell,NK cells,IMR,0.43,0.37,0.098,0.102
AAGACCTAGAGGGATA-1,3,MYE,Macrophage,Macrophages,DIF,0.39,0.46,0.056,0.094
AAGACCTAGAGTGACC-1,1,STROM,Tissue_stem_cells,Fibroblasts,PRO,0.092,0.254,0.318,0.336
AAGACCTAGCGAAGGG-1,6,LYMPH,T_cells,CD4+ T-cells,DIF,0.25,0.33,0.204,0.216
AAGACCTAGGCGACAT-1,1,STROM,Tissue_stem_cells,Mesangial cells,MES,0.132,0.156,0.208,0.504
AAGACCTCAAATACAG-1,10,EPI,Epithelial_cells,Epithelial cells,DIF,0.1,0.446,0.334,0.12
AAGACCTCAATGGATA-1,2,LYMPH,NK_cell,NK cells,DIF,0.11,0.604,0.196,0.09
AAGACCTCACATCCAA-1,4,EPI,Fibroblasts,Epithelial cells,DIF,0.2,0.414,0.224,0.162
AAGACCTCACGAGAGT-1,3,MYE,Macrophage,Monocytes,IMR,0.394,0.282,0.15,0.174
AAGACCTCACGGCCAT-1,3,MYE,Macrophage,Macrophages,DIF,0.274,0.416,0.172,0.138
AAGACCTCAGCTGTGC-1,3,MYE,Macrophage,Macrophages,DIF,0.348,0.33,0.166,0.156
AAGACCTCATAAGACA-1,8,LYMPH,Pre-B_cell_CD34-,HSC,DIF,0.14,0.48,0.216,0.164
AAGACCTCATACTACG-1,1,STROM,Tissue_stem_cells,Adipocytes,IMR,0.298,0.226,0.142,0.334
AAGACCTCATCCCATC-1,2,LYMPH,T_cells,CD8+ T-cells,DIF,0.176,0.484,0.212,0.128
AAGACCTCATGCCACG-1,2,LYMPH,T_cells,CD8+ T-cells,DIF,0.3,0.428,0.142,0.13
AAGACCTCATTACCTT-1,1,STROM,Osteoblasts,Adipocytes,PRO,0.11,0.14,0.4,0.35
AAGACCTGTAGTAGTA-1,2,LYMPH,T_cells,CD8+ T-cells,DIF,0.256,0.322,0.198,0.224
AAGACCTGTATCGCAT-1,1,STROM,Smooth_muscle_cells,Fibroblasts,DIF,0.114,0.412,0.222,0.252
AAGACCTGTCAAAGCG-1,6,LYMPH,T_cells,HSC,DIF,0.158,0.4,0.27,0.172
AAGACCTGTCAGCTAT-1,1,STROM,Tissue_stem_cells,Mesangial cells,MES,0.224,0.256,0.222,0.298
AAGACCTGTCATATGC-1,5,EPI,Epithelial_cells,Epithelial cells,DIF,0.056,0.876,0.056,0.012
AAGACCTGTCTGATCA-1,3,MYE,Macrophage,Macrophages,DIF,0.406,0.334,0.138,0.122
AAGACCTGTCTGGAGA-1,5,EPI,Epithelial_cells,Epithelial cells,PRO,0.07,0.306,0.506,0.118
AAGACCTGTCTTCAAG-1,10,EPI,Endothelial_cells,Epithelial cells,DIF,0.194,0.398,0.262,0.146
AAGACCTGTGCACCAC-1,2,LYMPH,T_cells,CD8+ T-cells,DIF,0.272,0.292,0.216,0.22
AAGACCTGTGCAGACA-1,2,LYMPH,NK_cell,NK cells,DIF,0.186,0.556,0.166,0.092
AAGACCTGTGGGTATG-1,3,MYE,Macrophage,Monocytes,DIF,0.27,0.508,0.096,0.126
AAGACCTGTGTTCGAT-1,9,EPI,Epithelial_cells,Mesangial cells,DIF,0.096,0.466,0.356,0.082
AAGACCTGTTCAGCGC-1,3,MYE,Macrophage,Macrophages,IMR,0.37,0.282,0.168,0.18
AAGACCTGTTCTGTTT-1,4,EPI,Epithelial_cells,Epithelial cells,DIF,0.108,0.472,0.314,0.106
AAGACCTTCCGATATG-1,7,STROM,Tissue_stem_cells,Adipocytes,MES,0.146,0.228,0.284,0.342
AAGACCTTCCTTGACC-1,3,MYE,Macrophage,Macrophages,DIF,0.184,0.35,0.256,0.21
AAGACCTTCTGGCGTG-1,3,MYE,Macrophage,Monocytes,IMR,0.464,0.298,0.1,0.138
AAGACCTTCTTGAGAC-1,12,MYE,DC,Macrophages,DIF,0.268,0.524,0.096,0.112
AAGCCGCAGACCGGAT-1,2,LYMPH,T_cells,CD4+ T-cells,DIF,0.166,0.332,0.33,0.172
AAGCCGCAGACTGTAA-1,3,MYE,Monocyte,Macrophages,IMR,0.422,0.226,0.2,0.152
AAGCCGCAGCTGAAAT-1,1,STROM,Tissue_stem_cells,Adipocytes,MES,0.172,0.302,0.17,0.356
AAGCCGCAGGGTATCG-1,2,LYMPH,T_cells,CD8+ T-cells,DIF,0.192,0.458,0.166,0.184
AAGCCGCAGGTGCACA-1,3,MYE,Macrophage,Macrophages,IMR,0.356,0.306,0.156,0.182
AAGCCGCAGTACTTGC-1,2,LYMPH,Pre-B_cell_CD34-,CD8+ T-cells,DIF,0.28,0.374,0.156,0.19
AAGCCGCAGTGCGTGA-1,1,STROM,Tissue_stem_cells,Adipocytes,MES,0.14,0.174,0.206,0.48
AAGCCGCCACCAGATT-1,3,MYE,Monocyte,Monocytes,IMR,0.356,0.318,0.088,0.238
AAGCCGCCACGAAGCA-1,5,EPI,Epithelial_cells,Epithelial cells,DIF,0.084,0.758,0.118,0.04
AAGCCGCCAGATAATG-1,3,MYE,Macrophage,Monocytes,IMR,0.434,0.258,0.114,0.194
AAGCCGCCAGGGCATA-1,3,MYE,Macrophage,Macrophages,IMR,0.538,0.252,0.056,0.154
AAGCCGCCATACAGCT-1,2,LYMPH,T_cells,CD4+ T-cells,DIF,0.274,0.322,0.154,0.25
AAGCCGCGTGCTGTAT-1,2,LYMPH,T_cells,CD8+ T-cells,DIF,0.326,0.376,0.128,0.17
AAGCCGCGTGTCAATC-1,1,STROM,Fibroblasts,Adipocytes,PRO,0.12,0.32,0.394,0.166
AAGCCGCGTTCCTCCA-1,5,EPI,Epithelial_cells,Epithelial cells,DIF,0.238,0.538,0.146,0.078
AAGCCGCGTTGGTGGA-1,1,STROM,Fibroblasts,Adipocytes,MES,0.082,0.106,0.172,0.64
AAGCCGCTCACCCGAG-1,7,ENDO,Endothelial_cells,Adipocytes,MES,0.174,0.192,0.26,0.374
AAGCCGCTCCAGTAGT-1,7,ENDO,Endothelial_cells,Endothelial cells,PRO,0.206,0.31,0.288,0.196
AAGCCGCTCCGTAGTA-1,10,EPI,Epithelial_cells,Mesangial cells,DIF,0.104,0.592,0.182,0.122
AAGCCGCTCGAGCCCA-1,3,MYE,Monocyte,Monocytes,IMR,0.422,0.26,0.142,0.176
AAGCCGCTCGGAGGTA-1,7,STROM,HSC_CD34+,Adipocytes,DIF,0.28,0.338,0.178,0.204
AAGCCGCTCTATGTGG-1,5,EPI,Epithelial_cells,Epithelial cells,DIF,0.078,0.634,0.242,0.046
AAGCCGCTCTGGCGTG-1,1,STROM,Osteoblasts,Mesangial cells,MES,0.112,0.096,0.232,0.56
AAGCCGCTCTTCTGGC-1,3,MYE,Monocyte,Monocytes,DIF,0.23,0.41,0.218,0.142
AAGGAGCAGACTGGGT-1,3,MYE,Macrophage,Macrophages,IMR,0.592,0.298,0.048,0.062
AAGGAGCAGATCGGGT-1,7,ENDO,Endothelial_cells,Endothelial cells,DIF,0.104,0.438,0.35,0.108
AAGGAGCAGATGTGGC-1,3,MYE,Macrophage,Macrophages,IMR,0.542,0.318,0.078,0.062
AAGGAGCAGCCCGAAA-1,3,MYE,Pre-B_cell_CD34-,Monocytes,DIF,0.248,0.486,0.152,0.114
AAGGAGCAGCGTAGTG-1,3,MYE,Monocyte,Monocytes,DIF,0.374,0.452,0.068,0.106
AAGGAGCAGCTTCGCG-1,2,LYMPH,T_cells,CD8+ T-cells,DIF,0.146,0.544,0.17,0.14
AAGGAGCAGGACAGCT-1,3,MYE,Monocyte,Monocytes,DIF,0.248,0.394,0.182,0.176
AAGGAGCAGGAGTACC-1,2,LYMPH,Pre-B_cell_CD34-,CD8+ T-cells,DIF,0.238,0.328,0.148,0.286
AAGGAGCAGGTGCTTT-1,2,LYMPH,T_cells,CD4+ T-cells,DIF,0.134,0.502,0.204,0.16
AAGGAGCAGTATTGGA-1,4,EPI,Epithelial_cells,Mesangial cells,PRO,0.126,0.334,0.408,0.132
AAGGAGCAGTCCAGGA-1,5,EPI,Epithelial_cells,Epithelial cells,DIF,0.212,0.542,0.108,0.138
AAGGAGCAGTGGGTTG-1,1,STROM,Fibroblasts,Adipocytes,MES,0.104,0.182,0.252,0.462
AAGGAGCCAAGTAGTA-1,3,MYE,Macrophage,Macrophages,DIF,0.32,0.284,0.198,0.198
AAGGAGCCAAGTCTAC-1,3,MYE,DC,Monocytes,DIF,0.226,0.416,0.224,0.134
AAGGAGCCACAGACAG-1,5,EPI,Epithelial_cells,Epithelial cells,DIF,0.134,0.522,0.242,0.102
AAGGAGCCACGGTTTA-1,5,EPI,Epithelial_cells,Epithelial cells,DIF,0.074,0.75,0.142,0.034
AAGGAGCCACTTCTGC-1,1,STROM,Tissue_stem_cells,Mesangial cells,MES,0.09,0.098,0.114,0.698
AAGGAGCCAGGTCTCG-1,3,MYE,Macrophage,Macrophages,DIF,0.284,0.286,0.172,0.258
AAGGAGCCATACCATG-1,2,LYMPH,T_cells,CD4+ T-cells,DIF,0.234,0.316,0.236,0.214
AAGGAGCCATTTGCTT-1,2,LYMPH,T_cells,CD8+ T-cells,DIF,0.126,0.608,0.158,0.108
AAGGAGCGTAAGGATT-1,2,LYMPH,T_cells,CD4+ T-cells,DIF,0.132,0.558,0.196,0.114
AAGGAGCGTACCGCTG-1,5,EPI,Epithelial_cells,Epithelial cells,DIF,0.104,0.732,0.126,0.038
AAGGAGCGTCCGAATT-1,5,EPI,DC,Epithelial cells,DIF,0.278,0.552,0.102,0.068
AAGGAGCGTCTAGTGT-1,3,MYE,Macrophage,Macrophages,DIF,0.382,0.368,0.112,0.138
AAGGAGCGTCTTCGTC-1,3,MYE,Monocyte,Monocytes,IMR,0.418,0.35,0.138,0.094
AAGGAGCGTGAAAGAG-1,2,LYMPH,NK_cell,CD8+ T-cells,DIF,0.11,0.434,0.306,0.15
AAGGAGCGTGAACCTT-1,5,EPI,Epithelial_cells,Epithelial cells,DIF,0.108,0.764,0.088,0.04
AAGGAGCGTGGACGAT-1,3,MYE,Macrophage,Macrophages,IMR,0.496,0.31,0.082,0.112
AAGGAGCGTGGGTCAA-1,1,STROM,Fibroblasts,Mesangial cells,MES,0.108,0.184,0.198,0.51
AAGGAGCGTTAAAGTG-1,2,LYMPH,NK_cell,HSC,DIF,0.15,0.428,0.24,0.182
AAGGAGCGTTGCGCAC-1,3,MYE,Monocyte,Monocytes,IMR,0.424,0.274,0.114,0.188
AAGGAGCTCAAAGACA-1,1,STROM,Chondrocytes,Mesangial cells,MES,0.11,0.164,0.204,0.522
AAGGAGCTCACGACTA-1,1,STROM,Tissue_stem_cells,Adipocytes,MES,0.076,0.086,0.264,0.574
AAGGAGCTCATGTGGT-1,2,LYMPH,T_cells,CD8+ T-cells,DIF,0.222,0.542,0.114,0.122
AAGGAGCTCCAACCAA-1,5,STROM,Fibroblasts,Adipocytes,MES,0.254,0.178,0.162,0.406
AAGGAGCTCCGTCATC-1,1,STROM,Tissue_stem_cells,Adipocytes,DIF,0.24,0.334,0.172,0.254
AAGGAGCTCCTCATTA-1,7,STROM,Tissue_stem_cells,Fibroblasts,PRO,0.156,0.244,0.296,0.304
AAGGAGCTCGCTAGCG-1,3,MYE,Macrophage,Adipocytes,DIF,0.168,0.572,0.138,0.122
AAGGCAGAGAGATGAG-1,5,EPI,Epithelial_cells,Epithelial cells,DIF,0.124,0.396,0.362,0.118
AAGGCAGAGATGTGGC-1,5,EPI,Epithelial_cells,Epithelial cells,PRO,0.066,0.198,0.6,0.136
AAGGCAGAGCGTTTAC-1,1,STROM,Smooth_muscle_cells,Adipocytes,DIF,0.204,0.286,0.25,0.26
AAGGCAGAGCTCCCAG-1,3,MYE,Monocyte,Monocytes,DIF,0.244,0.356,0.168,0.232
