Barcode,Cluster,celltype,hpca.celltype,encode.celltype,subtype,IMR_consensus,DIF_consensus,PRO_consensus,MES_consensus
AAACCTGAGACTTGAA-1,7,LYMPH,T_cells,CD8+ T-cells,DIF,0.244,0.632,0.076,0.048
AAACCTGAGAGACGAA-1,10,STROM,Tissue_stem_cells,Fibroblasts,DIF,0.19,0.588,0.126,0.096
AAACCTGAGAGTACCG-1,4,MYE,Monocyte,Monocytes,IMR,0.504,0.348,0.072,0.076
AAACCTGAGTCATCCA-1,7,LYMPH,T_cells,CD8+ T-cells,DIF,0.184,0.622,0.142,0.052
AAACCTGAGTGCGATG-1,7,LYMPH,NK_cell,CD8+ T-cells,DIF,0.254,0.662,0.054,0.03
AAACCTGCAACACGCC-1,6,STROM,Tissue_stem_cells,Adipocytes,DIF,0.298,0.448,0.14,0.114
AAACCTGCAACGATGG-1,9,STROM,Tissue_stem_cells,Fibroblasts,MES,0.242,0.174,0.222,0.362
AAACCTGCAATAGCAA-1,3,STROM,Chondrocytes,Fibroblasts,MES,0.13,0.118,0.188,0.564
AAACCTGCACACCGCA-1,8,STROM,Fibroblasts,Mesangial cells,DIF,0.186,0.64,0.14,0.034
AAACCTGCACCTGGTG-1,7,LYMPH,T_cells,CD8+ T-cells,DIF,0.336,0.51,0.088,0.066
AAACCTGCAGGACCCT-1,4,MYE,DC,Adipocytes,DIF,0.288,0.62,0.058,0.034
AAACCTGCAGGTCTCG-1,7,MYE,NK_cell,Monocytes,DIF,0.186,0.572,0.132,0.11
AAACCTGCAGTACACT-1,3,STROM,Fibroblasts,Fibroblasts,DIF,0.2,0.512,0.17,0.118
AAACCTGCATGATCCA-1,7,LYMPH,T_cells,CD8+ T-cells,DIF,0.348,0.52,0.08,0.052
AAACCTGGTAAGGATT-1,7,LYMPH,T_cells,Adipocytes,DIF,0.156,0.724,0.072,0.048
AAACCTGGTAATAGCA-1,9,STROM,Fibroblasts,Fibroblasts,DIF,0.182,0.388,0.22,0.21
AAACCTGGTACTTAGC-1,7,LYMPH,T_cells,CD8+ T-cells,DIF,0.222,0.666,0.09,0.022
AAACCTGGTGCCTGGT-1,3,STROM,Fibroblasts,Fibroblasts,DIF,0.22,0.336,0.176,0.268
AAACCTGGTTAAAGTG-1,4,MYE,Macrophage,Macrophages,DIF,0.284,0.592,0.066,0.058
AAACCTGGTTAAGAAC-1,6,STROM,Fibroblasts,Fibroblasts,DIF,0.24,0.376,0.144,0.24
AAACCTGGTTGCCTCT-1,9,STROM,Chondrocytes,Fibroblasts,DIF,0.284,0.278,0.122,0.316
AAACCTGTCACCATAG-1,9,STROM,Tissue_stem_cells,Adipocytes,DIF,0.242,0.476,0.18,0.102
AAACCTGTCACCGGGT-1,6,STROM,Fibroblasts,Adipocytes,DIF,0.236,0.376,0.144,0.244
AAACCTGTCACGACTA-1,10,STROM,Tissue_stem_cells,Fibroblasts,DIF,0.292,0.342,0.174,0.192
AAACCTGTCAGAGCTT-1,3,STROM,Chondrocytes,Fibroblasts,MES,0.264,0.146,0.144,0.446
AAACCTGTCAGCGATT-1,1,STROM,Tissue_stem_cells,Adipocytes,DIF,0.178,0.672,0.11,0.04
AAACCTGTCCGGCACA-1,7,LYMPH,T_cells,CD8+ T-cells,DIF,0.236,0.564,0.136,0.064
AAACCTGTCCTAGGGC-1,1,STROM,Tissue_stem_cells,Fibroblasts,DIF,0.236,0.466,0.14,0.158
AAACCTGTCGGCGGTT-1,8,STROM,Chondrocytes,Mesangial cells,DIF,0.288,0.402,0.218,0.092
AAACCTGTCTTTAGTC-1,7,LYMPH,T_cells,CD8+ T-cells,DIF,0.396,0.502,0.058,0.044
AAACGGGAGAAGGCCT-1,7,LYMPH,T_cells,CD8+ T-cells,DIF,0.362,0.524,0.056,0.058
AAACGGGAGAGCAATT-1,6,STROM,Osteoblasts,Fibroblasts,MES,0.126,0.194,0.226,0.454
AAACGGGAGAGTGAGA-1,7,LYMPH,T_cells,CD8+ T-cells,DIF,0.21,0.682,0.078,0.03
AAACGGGAGTGTCCAT-1,6,STROM,Fibroblasts,Fibroblasts,MES,0.162,0.264,0.172,0.402
AAACGGGCAAAGCGGT-1,3,STROM,Chondrocytes,Fibroblasts,DIF,0.214,0.35,0.288,0.148
AAACGGGCAAAGGAAG-1,7,LYMPH,T_cells,CD8+ T-cells,DIF,0.27,0.57,0.122,0.038
AAACGGGCAGTCAGCC-1,3,STROM,Fibroblasts,Adipocytes,MES,0.256,0.26,0.162,0.322
AAACGGGCATGACGGA-1,7,LYMPH,T_cells,HSC,DIF,0.35,0.528,0.082,0.04
AAACGGGGTAACGTTC-1,3,STROM,Fibroblasts,Fibroblasts,IMR,0.298,0.294,0.134,0.274
AAACGGGGTACTTAGC-1,6,STROM,Fibroblasts,Adipocytes,DIF,0.266,0.58,0.06,0.094
AAACGGGGTCTAGGTT-1,3,STROM,Tissue_stem_cells,Fibroblasts,DIF,0.25,0.302,0.282,0.166
AAACGGGGTCTTTCAT-1,9,STROM,Tissue_stem_cells,Adipocytes,IMR,0.302,0.252,0.204,0.242
AAACGGGGTTATCACG-1,3,STROM,Osteoblasts,Adipocytes,DIF,0.312,0.376,0.168,0.144
AAACGGGGTTATCCGA-1,3,STROM,Fibroblasts,Fibroblasts,DIF,0.182,0.502,0.196,0.12
AAACGGGTCCCACTTG-1,1,STROM,Tissue_stem_cells,Fibroblasts,DIF,0.204,0.67,0.068,0.058
AAACGGGTCCCTGACT-1,9,STROM,Tissue_stem_cells,Adipocytes,IMR,0.31,0.314,0.16,0.216
AAACGGGTCTGCAAGT-1,9,STROM,Tissue_stem_cells,Fibroblasts,IMR,0.308,0.256,0.104,0.332
AAAGATGAGAAGATTC-1,4,MYE,Macrophage,Macrophages,IMR,0.484,0.408,0.056,0.052
AAAGATGAGATTACCC-1,4,MYE,Macrophage,Macrophages,IMR,0.62,0.31,0.042,0.028
AAAGATGAGCTGATAA-1,8,STROM,Tissue_stem_cells,Mesangial cells,DIF,0.104,0.698,0.168,0.03
AAAGATGAGGCCATAG-1,7,LYMPH,T_cells,CD8+ T-cells,DIF,0.264,0.588,0.112,0.036
AAAGATGAGTACGCCC-1,2,ENDO,Endothelial_cells,Endothelial cells,DIF,0.146,0.418,0.334,0.102
AAAGATGCAATAGAGT-1,5,STROM,Fibroblasts,Adipocytes,DIF,0.276,0.538,0.114,0.072
AAAGATGCAATCACAC-1,3,STROM,Chondrocytes,Adipocytes,MES,0.108,0.164,0.25,0.478
AAAGATGCACAAGTAA-1,4,MYE,Macrophage,Monocytes,DIF,0.36,0.516,0.098,0.026
AAAGATGCACTGTTAG-1,7,LYMPH,T_cells,CD8+ T-cells,DIF,0.214,0.702,0.058,0.026
AAAGATGCAGACACTT-1,8,STROM,Tissue_stem_cells,Mesangial cells,DIF,0.294,0.558,0.068,0.08
AAAGATGCAGTATCTG-1,10,STROM,Tissue_stem_cells,Mesangial cells,DIF,0.26,0.402,0.134,0.204
AAAGATGGTATTCGTG-1,4,MYE,Macrophage,Macrophages,DIF,0.314,0.476,0.1,0.11
AAAGATGGTCAATACC-1,6,STROM,Fibroblasts,Adipocytes,DIF,0.23,0.33,0.154,0.286
AAAGATGGTGACCAAG-1,2,ENDO,Endothelial_cells,Endothelial cells,DIF,0.19,0.676,0.082,0.052
AAAGATGGTGCCTGGT-1,10,STROM,Tissue_stem_cells,Fibroblasts,DIF,0.222,0.43,0.188,0.16
AAAGATGGTTCTCATT-1,7,LYMPH,T_cells,CD8+ T-cells,DIF,0.284,0.544,0.116,0.056
AAAGATGGTTGTTTGG-1,4,MYE,Macrophage,Monocytes,DIF,0.416,0.51,0.032,0.042
AAAGATGTCAGCGATT-1,3,STROM,Tissue_stem_cells,Fibroblasts,MES,0.184,0.19,0.174,0.452
AAAGATGTCGCCTGAG-1,10,STROM,Tissue_stem_cells,Fibroblasts,DIF,0.304,0.448,0.138,0.11
AAAGATGTCGGACAAG-1,3,STROM,Chondrocytes,Fibroblasts,DIF,0.17,0.338,0.332,0.16
AAAGCAAAGACAATAC-1,7,LYMPH,T_cells,CD8+ T-cells,DIF,0.318,0.454,0.102,0.126
AAAGCAAAGAGTAAGG-1,7,LYMPH,T_cells,CD8+ T-cells,DIF,0.222,0.656,0.066,0.056
AAAGCAAAGCTTTGGT-1,3,STROM,Chondrocytes,Fibroblasts,DIF,0.274,0.432,0.168,0.126
AAAGCAAAGGACTGGT-1,3,STROM,Chondrocytes,Fibroblasts,MES,0.084,0.068,0.11,0.738
AAAGCAAAGGTGCACA-1,6,STROM,Tissue_stem_cells,Fibroblasts,DIF,0.196,0.34,0.15,0.314
AAAGCAAAGTCCTCCT-1,3,STROM,Osteoblasts,Adipocytes,MES,0.188,0.26,0.244,0.308
AAAGCAACACAGCCCA-1,10,STROM,Tissue_stem_cells,Fibroblasts,MES,0.178,0.31,0.246,0.266
AAAGCAACACAGGCCT-1,7,LYMPH,NK_cell,CD8+ T-cells,DIF,0.324,0.578,0.042,0.056
AAAGCAACACTTGGAT-1,2,ENDO,Tissue_stem_cells,Endothelial cells,DIF,0.218,0.38,0.212,0.19
AAAGCAACAGACGCCT-1,4,MYE,Macrophage,Macrophages,DIF,0.322,0.566,0.066,0.046
AAAGCAACATCGGGTC-1,7,LYMPH,Pre-B_cell_CD34-,CD8+ T-cells,DIF,0.164,0.678,0.096,0.062
AAAGCAAGTAACGCGA-1,7,LYMPH,T_cells,CD8+ T-cells,DIF,0.256,0.634,0.066,0.044
AAAGCAAGTAGCTCCG-1,4,MYE,Macrophage,Adipocytes,DIF,0.306,0.398,0.15,0.146
AAAGCAAGTGATGCCC-1,7,LYMPH,NK_cell,CD8+ T-cells,DIF,0.264,0.616,0.076,0.044
AAAGCAATCAAGAAGT-1,7,LYMPH,NK_cell,CD8+ T-cells,DIF,0.24,0.554,0.1,0.106
AAAGCAATCAGCTCGG-1,7,LYMPH,T_cells,Adipocytes,DIF,0.19,0.708,0.064,0.038
AAAGCAATCCCTCAGT-1,4,MYE,Macrophage,Macrophages,DIF,0.344,0.384,0.158,0.114
AAAGCAATCCGTACAA-1,7,LYMPH,T_cells,Adipocytes,DIF,0.326,0.514,0.092,0.068
AAAGCAATCTTGTTTG-1,3,STROM,Chondrocytes,Fibroblasts,DIF,0.22,0.34,0.258,0.182
AAAGTAGAGAGCTTCT-1,2,ENDO,Endothelial_cells,Endothelial cells,DIF,0.18,0.496,0.29,0.034
AAAGTAGAGATACACA-1,1,STROM,Fibroblasts,Fibroblasts,DIF,0.22,0.442,0.224,0.114
AAAGTAGAGCAACGGT-1,7,LYMPH,Pre-B_cell_CD34-,CD8+ T-cells,DIF,0.28,0.62,0.06,0.04
AAAGTAGAGGGAGTAA-1,4,MYE,Monocyte,Monocytes,DIF,0.326,0.522,0.054,0.098
AAAGTAGAGGTGACCA-1,6,STROM,Chondrocytes,Fibroblasts,MES,0.188,0.266,0.24,0.306
AAAGTAGAGGTGATAT-1,3,STROM,Chondrocytes,Adipocytes,IMR,0.342,0.292,0.176,0.19
AAAGTAGAGTCAAGGC-1,3,STROM,Tissue_stem_cells,Fibroblasts,DIF,0.308,0.424,0.154,0.114
AAAGTAGAGTCCGGTC-1,7,LYMPH,T_cells,CD8+ T-cells,DIF,0.194,0.62,0.12,0.066
AAAGTAGAGTGCGTGA-1,9,STROM,Fibroblasts,Fibroblasts,DIF,0.158,0.32,0.214,0.308
AAAGTAGCAAGACGTG-1,10,STROM,Fibroblasts,Fibroblasts,DIF,0.228,0.416,0.196,0.16
AAAGTAGCAAGCTGGA-1,4,MYE,Macrophage,Macrophages,DIF,0.368,0.448,0.098,0.086
AAAGTAGCAAGGACAC-1,7,LYMPH,T_cells,NK cells,DIF,0.248,0.656,0.058,0.038
AAAGTAGCAAGTAATG-1,3,STROM,Chondrocytes,Fibroblasts,DIF,0.3,0.368,0.178,0.154
AAAGTAGCAATAACGA-1,3,STROM,Fibroblasts,Fibroblasts,MES,0.128,0.194,0.16,0.518
AAAGTAGCAGCTTAAC-1,4,MYE,Macrophage,Macrophages,DIF,0.284,0.546,0.122,0.048
AAAGTAGCAGGTGCCT-1,4,MYE,DC,Macrophages,IMR,0.478,0.31,0.066,0.146
AAAGTAGCAGTGGAGT-1,7,LYMPH,NK_cell,CD8+ T-cells,DIF,0.174,0.652,0.114,0.06
AAAGTAGCATTAGCCA-1,7,STROM,Chondrocytes,Adipocytes,DIF,0.294,0.538,0.1,0.068
AAAGTAGGTAAGGGCT-1,7,LYMPH,T_cells,CD8+ T-cells,DIF,0.322,0.336,0.178,0.164
AAAGTAGGTATAATGG-1,3,STROM,Tissue_stem_cells,Adipocytes,DIF,0.138,0.326,0.248,0.288
AAAGTAGGTCACTGGC-1,6,STROM,Tissue_stem_cells,Fibroblasts,DIF,0.264,0.298,0.166,0.272
AAAGTAGGTTAAGTAG-1,4,MYE,Macrophage,Adipocytes,IMR,0.444,0.32,0.13,0.106
AAAGTAGGTTCACGGC-1,7,LYMPH,T_cells,CD8+ T-cells,DIF,0.226,0.602,0.104,0.068
AAAGTAGGTTCTGAAC-1,7,LYMPH,T_cells,CD8+ T-cells,DIF,0.238,0.646,0.086,0.03
AAAGTAGTCACATACG-1,9,STROM,Chondrocytes,Adipocytes,MES,0.344,0.2,0.12,0.336
AAAGTAGTCACTCCTG-1,7,LYMPH,NK_cell,HSC,DIF,0.33,0.528,0.078,0.064
AAAGTAGTCACTTATC-1,7,LYMPH,T_cells,HSC,IMR,0.53,0.366,0.048,0.056
AAAGTAGTCAGCATGT-1,7,LYMPH,T_cells,CD8+ T-cells,DIF,0.424,0.47,0.058,0.048
AAAGTAGTCATCACCC-1,3,STROM,Tissue_stem_cells,Fibroblasts,MES,0.166,0.186,0.186,0.462
AAAGTAGTCGCCAGCA-1,7,LYMPH,NK_cell,NK cells,IMR,0.424,0.364,0.086,0.126
AAAGTAGTCGGATGGA-1,8,STROM,Chondrocytes,Mesangial cells,DIF,0.124,0.696,0.144,0.036
AAATGCCAGATGAGAG-1,3,STROM,Tissue_stem_cells,Fibroblasts,MES,0.162,0.182,0.148,0.508
AAATGCCAGCAGCCTC-1,7,LYMPH,T_cells,CD8+ T-cells,DIF,0.19,0.694,0.074,0.042
AAATGCCAGTGTTGAA-1,7,LYMPH,Tissue_stem_cells,CD8+ T-cells,DIF,0.256,0.574,0.104,0.066
AAATGCCCAATCACAC-1,8,STROM,Fibroblasts,Mesangial cells,DIF,0.136,0.628,0.18,0.056
AAATGCCCACAACGTT-1,7,LYMPH,B_cell,HSC,DIF,0.308,0.584,0.066,0.042
AAATGCCCATCGGTTA-1,4,MYE,Macrophage,Macrophages,IMR,0.444,0.334,0.102,0.12
AAATGCCGTAAATGAC-1,7,LYMPH,T_cells,CD8+ T-cells,DIF,0.234,0.678,0.052,0.036
AAATGCCGTACTTAGC-1,6,STROM,Fibroblasts,Fibroblasts,DIF,0.164,0.604,0.168,0.064
AAATGCCGTAGGACAC-1,2,ENDO,Endothelial_cells,Endothelial cells,DIF,0.294,0.504,0.12,0.082
AAATGCCGTCTAGAGG-1,1,STROM,Tissue_stem_cells,Adipocytes,DIF,0.392,0.334,0.078,0.196
AAATGCCGTCTCATCC-1,7,LYMPH,T_cells,CD8+ T-cells,DIF,0.184,0.722,0.07,0.024
AAATGCCGTCTCCACT-1,7,LYMPH,T_cells,NK cells,DIF,0.278,0.614,0.064,0.044
AAATGCCGTGACTACT-1,2,STROM,Tissue_stem_cells,Adipocytes,DIF,0.152,0.568,0.218,0.062
AAATGCCGTGTCAATC-1,9,STROM,Tissue_stem_cells,Fibroblasts,DIF,0.2,0.428,0.2,0.172
AAATGCCGTTACAGAA-1,4,MYE,Macrophage,Macrophages,DIF,0.422,0.504,0.04,0.034
AAATGCCGTTGGAGGT-1,10,STROM,Tissue_stem_cells,Fibroblasts,DIF,0.242,0.456,0.192,0.11
AAATGCCTCCCTGACT-1,3,STROM,Chondrocytes,Fibroblasts,MES,0.272,0.206,0.118,0.404
AAATGCCTCCCTTGCA-1,7,LYMPH,T_cells,Adipocytes,DIF,0.276,0.586,0.074,0.064
AAATGCCTCGAGCCCA-1,7,LYMPH,Pre-B_cell_CD34-,CD8+ T-cells,DIF,0.248,0.65,0.062,0.04
AAATGCCTCGGATGGA-1,7,LYMPH,T_cells,CD8+ T-cells,DIF,0.234,0.524,0.134,0.108
AAATGCCTCTGCTGTC-1,6,STROM,Tissue_stem_cells,Fibroblasts,DIF,0.27,0.45,0.14,0.14
AAATGCCTCTGTCAAG-1,6,STROM,Tissue_stem_cells,Adipocytes,DIF,0.262,0.454,0.196,0.088
AACACGTAGAGAACAG-1,7,LYMPH,T_cells,CD8+ T-cells,DIF,0.37,0.506,0.068,0.056
AACACGTAGCGATGAC-1,7,LYMPH,T_cells,CD8+ T-cells,DIF,0.31,0.538,0.1,0.052
AACACGTAGCGTCAAG-1,4,MYE,Monocyte,Macrophages,DIF,0.362,0.474,0.098,0.066
AACACGTAGGAGTTGC-1,3,STROM,Fibroblasts,Fibroblasts,DIF,0.274,0.264,0.202,0.26
AACACGTAGGTGCACA-1,10,STROM,Tissue_stem_cells,Fibroblasts,DIF,0.232,0.58,0.132,0.056
AACACGTAGGTGCTTT-1,6,STROM,Fibroblasts,Fibroblasts,DIF,0.238,0.47,0.174,0.118
AACACGTAGTCCGTAT-1,4,MYE,Macrophage,Macrophages,DIF,0.344,0.44,0.098,0.118
AACACGTAGTGTACTC-1,9,STROM,Tissue_stem_cells,Adipocytes,IMR,0.33,0.264,0.118,0.288
AACACGTCACAAGTAA-1,7,LYMPH,T_cells,Adipocytes,DIF,0.336,0.424,0.152,0.088
AACACGTCACGGACAA-1,7,LYMPH,T_cells,CD8+ T-cells,DIF,0.27,0.558,0.098,0.074
AACACGTCACGGCTAC-1,4,MYE,Macrophage,Monocytes,IMR,0.436,0.34,0.102,0.122
AACACGTCAGGTTTCA-1,3,STROM,Tissue_stem_cells,Mesangial cells,MES,0.204,0.23,0.3,0.266
AACACGTCATTCTTAC-1,3,STROM,Chondrocytes,Fibroblasts,MES,0.102,0.092,0.294,0.512
AACACGTGTATCACCA-1,7,LYMPH,NK_cell,CD8+ T-cells,DIF,0.192,0.648,0.1,0.06
AACACGTGTCCAAGTT-1,3,STROM,Tissue_stem_cells,Fibroblasts,MES,0.22,0.262,0.17,0.348
AACACGTGTCCGCTGA-1,10,STROM,Osteoblasts,Fibroblasts,MES,0.17,0.228,0.3,0.302
AACACGTGTCGCTTCT-1,7,LYMPH,T_cells,CD8+ T-cells,DIF,0.192,0.726,0.052,0.03
AACACGTTCCAAATGC-1,3,STROM,Osteoblasts,Fibroblasts,MES,0.136,0.198,0.242,0.424
AACACGTTCGTCTGCT-1,2,ENDO,Endothelial_cells,Adipocytes,DIF,0.154,0.65,0.148,0.048
AACACGTTCTCAACTT-1,3,STROM,Smooth_muscle_cells,Adipocytes,MES,0.158,0.206,0.178,0.458
AACACGTTCTGTCCGT-1,10,STROM,Tissue_stem_cells,Fibroblasts,DIF,0.332,0.446,0.094,0.128
AACACGTTCTTCTGGC-1,3,STROM,Tissue_stem_cells,Adipocytes,MES,0.11,0.106,0.206,0.578
AACCATGAGAATCTCC-1,7,LYMPH,T_cells,CD8+ T-cells,DIF,0.418,0.408,0.088,0.086
AACCATGAGAGTGAGA-1,7,LYMPH,T_cells,CD8+ T-cells,DIF,0.236,0.66,0.072,0.032
AACCATGAGCATCATC-1,3,STROM,Osteoblasts,Fibroblasts,DIF,0.206,0.35,0.256,0.188
AACCATGAGCCCAACC-1,7,LYMPH,Tissue_stem_cells,CD8+ T-cells,DIF,0.292,0.624,0.06,0.024
AACCATGAGCGCTCCA-1,3,STROM,Chondrocytes,Fibroblasts,MES,0.218,0.214,0.142,0.426
AACCATGAGCTGTCTA-1,4,MYE,Macrophage,Macrophages,DIF,0.258,0.576,0.12,0.046
AACCATGAGGACATTA-1,4,MYE,Macrophage,Macrophages,IMR,0.466,0.424,0.054,0.056
AACCATGAGGCTCTTA-1,3,STROM,Osteoblasts,Fibroblasts,MES,0.192,0.2,0.22,0.388
AACCATGAGGGAGTAA-1,3,STROM,Tissue_stem_cells,Adipocytes,DIF,0.144,0.396,0.268,0.192
AACCATGAGTATTGGA-1,4,MYE,Monocyte,Monocytes,DIF,0.42,0.418,0.1,0.062
AACCATGAGTTCGCAT-1,3,STROM,Chondrocytes,Fibroblasts,IMR,0.396,0.222,0.138,0.244
AACCATGCAACACCCG-1,7,LYMPH,Tissue_stem_cells,NK cells,DIF,0.308,0.59,0.062,0.04
AACCATGCAAGGTTTC-1,7,LYMPH,T_cells,CD8+ T-cells,DIF,0.314,0.476,0.124,0.086
AACCATGCACAAGACG-1,7,LYMPH,Pre-B_cell_CD34-,HSC,DIF,0.3,0.546,0.1,0.054
AACCATGCACATGGGA-1,6,STROM,Tissue_stem_cells,Adipocytes,DIF,0.37,0.424,0.094,0.112
AACCATGCAGTACACT-1,7,LYMPH,Tissue_stem_cells,CD8+ T-cells,DIF,0.214,0.54,0.128,0.118
AACCATGGTAACGACG-1,4,MYE,Macrophage,Macrophages,IMR,0.512,0.298,0.062,0.128
AACCATGGTAGGAGTC-1,7,LYMPH,T_cells,CD8+ T-cells,DIF,0.208,0.602,0.138,0.052
AACCATGGTCAGATAA-1,7,LYMPH,NK_cell,CD8+ T-cells,DIF,0.308,0.374,0.154,0.164
AACCATGGTCTAGCGC-1,3,STROM,Fibroblasts,Fibroblasts,DIF,0.216,0.334,0.168,0.282
AACCATGGTCTGGTCG-1,7,LYMPH,T_cells,CD8+ T-cells,DIF,0.28,0.546,0.084,0.09
AACCATGGTGCAGGTA-1,4,MYE,Macrophage,Adipocytes,DIF,0.294,0.522,0.074,0.11
AACCATGGTGGCCCTA-1,4,MYE,Macrophage,Macrophages,DIF,0.366,0.488,0.084,0.062
AACCATGGTGGTTTCA-1,7,LYMPH,NK_cell,CD8+ T-cells,DIF,0.278,0.548,0.114,0.06
AACCATGGTGTAACGG-1,1,LYMPH,T_cells,B-cells,DIF,0.304,0.564,0.07,0.062
AACCATGGTTATCCGA-1,3,STROM,Fibroblasts,Mesangial cells,DIF,0.318,0.292,0.192,0.198
AACCATGGTTATTCTC-1,7,LYMPH,T_cells,CD8+ T-cells,DIF,0.196,0.72,0.062,0.022
AACCATGGTTGATTGC-1,3,STROM,Tissue_stem_cells,Fibroblasts,MES,0.17,0.226,0.198,0.406
AACCATGTCACTCTTA-1,7,LYMPH,NK_cell,NK cells,DIF,0.318,0.552,0.082,0.048
AACCATGTCCAAACAC-1,7,LYMPH,T_cells,CD4+ T-cells,DIF,0.388,0.482,0.076,0.054
AACCATGTCCGAACGC-1,4,MYE,Macrophage,Monocytes,DIF,0.344,0.586,0.046,0.024
AACCATGTCCGTACAA-1,4,MYE,Macrophage,Monocytes,DIF,0.42,0.476,0.044,0.06
AACCATGTCCTTCAAT-1,3,STROM,Chondrocytes,Fibroblasts,DIF,0.282,0.53,0.096,0.092
AACCATGTCGTTGCCT-1,3,STROM,Chondrocytes,Fibroblasts,MES,0.192,0.178,0.174,0.456
AACCATGTCTCTGTCG-1,9,STROM,Fibroblasts,Fibroblasts,MES,0.188,0.28,0.18,0.352
AACCATGTCTGGCGTG-1,4,MYE,Macrophage,Macrophages,DIF,0.396,0.54,0.022,0.042
AACCATGTCTTGTTTG-1,7,LYMPH,T_cells,CD8+ T-cells,DIF,0.234,0.604,0.118,0.044
AACCATGTCTTTCCTC-1,3,STROM,Chondrocytes,Adipocytes,MES,0.192,0.192,0.12,0.496
AACCGCGAGAAGATTC-1,3,STROM,Tissue_stem_cells,Adipocytes,IMR,0.418,0.354,0.084,0.144
AACCGCGAGACAGGCT-1,7,LYMPH,NK_cell,NK cells,DIF,0.316,0.51,0.098,0.076
AACCGCGAGACTAAGT-1,9,STROM,Tissue_stem_cells,Fibroblasts,MES,0.116,0.132,0.13,0.622
AACCGCGAGAGATGAG-1,4,MYE,Monocyte,Adipocytes,DIF,0.384,0.412,0.092,0.112
AACCGCGAGAGCCCAA-1,4,MYE,Macrophage,Monocytes,IMR,0.534,0.334,0.04,0.092
AACCGCGAGATCCCAT-1,7,LYMPH,T_cells,CD8+ T-cells,IMR,0.398,0.364,0.132,0.106
AACCGCGAGCTGATAA-1,3,STROM,Tissue_stem_cells,Fibroblasts,IMR,0.35,0.212,0.138,0.3
AACCGCGAGCTGGAAC-1,7,LYMPH,T_cells,CD8+ T-cells,DIF,0.208,0.658,0.096,0.038
AACCGCGAGGAATCGC-1,3,STROM,Tissue_stem_cells,Fibroblasts,DIF,0.336,0.272,0.16,0.232
AACCGCGAGGGATCTG-1,3,STROM,Fibroblasts,Fibroblasts,PRO,0.174,0.246,0.306,0.274
AACCGCGAGGGTATCG-1,7,LYMPH,T_cells,CD8+ T-cells,DIF,0.326,0.494,0.138,0.042
AACCGCGAGGTGCTAG-1,3,STROM,Chondrocytes,Adipocytes,DIF,0.206,0.328,0.238,0.228
AACCGCGAGTGGAGTC-1,2,ENDO,Endothelial_cells,Endothelial cells,DIF,0.244,0.5,0.186,0.07
AACCGCGAGTGGGCTA-1,6,STROM,Fibroblasts,Adipocytes,MES,0.224,0.308,0.154,0.314
AACCGCGAGTGGGTTG-1,3,STROM,Chondrocytes,Fibroblasts,MES,0.148,0.152,0.226,0.474
AACCGCGCACGGACAA-1,6,STROM,Fibroblasts,Fibroblasts,MES,0.262,0.274,0.222,0.242
AACCGCGCACTAAGTC-1,7,LYMPH,T_cells,CD8+ T-cells,DIF,0.17,0.762,0.046,0.022
AACCGCGCAGGGATTG-1,3,STROM,Tissue_stem_cells,Fibroblasts,MES,0.104,0.12,0.178,0.598
AACCGCGCATTTCAGG-1,7,LYMPH,T_cells,CD8+ T-cells,DIF,0.266,0.606,0.078,0.05
AACCGCGGTACAGACG-1,3,STROM,Chondrocytes,Fibroblasts,MES,0.142,0.34,0.188,0.33
AACCGCGGTACGACCC-1,7,STROM,Tissue_stem_cells,Adipocytes,DIF,0.132,0.758,0.078,0.032
AACCGCGGTCAAACTC-1,4,MYE,Monocyte,Monocytes,IMR,0.48,0.354,0.072,0.094
AACCGCGGTCGTGGCT-1,9,STROM,Tissue_stem_cells,Adipocytes,DIF,0.172,0.366,0.26,0.202
AACCGCGGTGTCGCTG-1,3,STROM,Fibroblasts,Fibroblasts,MES,0.106,0.108,0.116,0.67
AACCGCGTCAGCTTAG-1,3,STROM,Chondrocytes,Fibroblasts,MES,0.12,0.294,0.216,0.37
AACCGCGTCCCATTTA-1,2,ENDO,Endothelial_cells,Endothelial cells,DIF,0.14,0.55,0.254,0.056
AACCGCGTCCTCTAGC-1,3,STROM,Tissue_stem_cells,Fibroblasts,DIF,0.27,0.276,0.208,0.246
AACCGCGTCGAGAGCA-1,2,STROM,Tissue_stem_cells,Adipocytes,DIF,0.29,0.4,0.164,0.146
AACCGCGTCGTTACGA-1,4,MYE,Monocyte,Monocytes,DIF,0.342,0.552,0.074,0.032
AACCGCGTCTGCAGTA-1,7,LYMPH,T_cells,CD8+ T-cells,DIF,0.262,0.528,0.12,0.09
AACGTTGAGAATCTCC-1,3,STROM,Smooth_muscle_cells,Fibroblasts,MES,0.224,0.22,0.162,0.394
AACGTTGAGACAGAGA-1,3,STROM,Chondrocytes,Fibroblasts,DIF,0.206,0.384,0.228,0.182
AACGTTGAGAGTGAGA-1,4,MYE,Macrophage,Macrophages,IMR,0.43,0.432,0.068,0.07
AACGTTGAGATCCGAG-1,9,STROM,Tissue_stem_cells,Adipocytes,DIF,0.234,0.516,0.184,0.066
AACGTTGAGATGCCAG-1,3,STROM,Osteoblasts,Adipocytes,DIF,0.272,0.306,0.104,0.318
AACGTTGAGATGGCGT-1,7,LYMPH,Pre-B_cell_CD34-,CD8+ T-cells,DIF,0.182,0.714,0.068,0.036
AACGTTGAGATGGGTC-1,3,STROM,Chondrocytes,Fibroblasts,DIF,0.29,0.346,0.15,0.214
AACGTTGAGCCCAACC-1,2,ENDO,Endothelial_cells,Endothelial cells,DIF,0.142,0.666,0.134,0.058
AACGTTGCAATGACCT-1,9,STROM,Tissue_stem_cells,Adipocytes,DIF,0.284,0.328,0.212,0.176
AACGTTGCACGGCTAC-1,3,STROM,Chondrocytes,Fibroblasts,MES,0.162,0.112,0.172,0.554
AACGTTGCAGATTGCT-1,7,LYMPH,T_cells,HSC,DIF,0.25,0.604,0.076,0.07
AACGTTGCAGGAATCG-1,3,STROM,Chondrocytes,Adipocytes,MES,0.038,0.042,0.122,0.798
AACGTTGCATATGGTC-1,4,MYE,Monocyte,Monocytes,IMR,0.344,0.432,0.122,0.102
AACGTTGCATGCAACT-1,7,LYMPH,NK_cell,NK cells,DIF,0.268,0.618,0.078,0.036
AACGTTGGTAGCTCCG-1,7,LYMPH,T_cells,CD8+ T-cells,DIF,0.184,0.742,0.048,0.026
AACGTTGGTCCAACTA-1,7,LYMPH,T_cells,CD8+ T-cells,DIF,0.324,0.444,0.112,0.12
AACGTTGGTCCCTACT-1,7,MYE,NK_cell,Monocytes,DIF,0.242,0.69,0.048,0.02
AACGTTGGTCCGTCAG-1,3,STROM,Chondrocytes,Fibroblasts,DIF,0.236,0.292,0.288,0.184
AACGTTGGTCCTAGCG-1,2,ENDO,Endothelial_cells,Endothelial cells,DIF,0.184,0.472,0.252,0.092
AACGTTGGTGAAAGAG-1,10,STROM,Tissue_stem_cells,Fibroblasts,DIF,0.35,0.332,0.178,0.14
AACGTTGGTGAAGGCT-1,7,LYMPH,NK_cell,NK cells,DIF,0.378,0.504,0.064,0.054
AACGTTGGTGATGTCT-1,6,STROM,Chondrocytes,Fibroblasts,DIF,0.246,0.322,0.21,0.222
AACGTTGGTGTAAGTA-1,7,LYMPH,T_cells,CD8+ T-cells,DIF,0.304,0.476,0.138,0.082
AACGTTGGTGTTAAGA-1,1,STROM,Tissue_stem_cells,B-cells,DIF,0.196,0.438,0.192,0.174
AACGTTGGTTCACGGC-1,7,LYMPH,T_cells,CD8+ T-cells,DIF,0.244,0.636,0.088,0.032
AACGTTGTCACCGGGT-1,10,STROM,Tissue_stem_cells,Fibroblasts,DIF,0.212,0.302,0.29,0.196
AACGTTGTCAGCTGGC-1,7,LYMPH,Tissue_stem_cells,CD8+ T-cells,DIF,0.25,0.612,0.08,0.058
AACGTTGTCATACGGT-1,3,STROM,Tissue_stem_cells,Adipocytes,DIF,0.164,0.56,0.17,0.106
AACGTTGTCTACCTGC-1,7,LYMPH,T_cells,CD8+ T-cells,DIF,0.33,0.438,0.15,0.082
AACGTTGTCTTGAGAC-1,3,STROM,Osteoblasts,Fibroblasts,DIF,0.26,0.386,0.162,0.192
AACTCAGAGACCACGA-1,3,STROM,Fibroblasts,Fibroblasts,MES,0.096,0.162,0.288,0.454
AACTCAGAGAGCTTCT-1,3,STROM,Tissue_stem_cells,Fibroblasts,DIF,0.244,0.356,0.162,0.238
AACTCAGAGATCCTGT-1,7,MYE,T_cells,DC,DIF,0.286,0.564,0.092,0.058
AACTCAGAGATGTGGC-1,3,STROM,Osteoblasts,Adipocytes,MES,0.158,0.246,0.248,0.348
AACTCAGAGCACAGGT-1,4,MYE,Macrophage,Monocytes,IMR,0.358,0.38,0.112,0.15
AACTCAGAGGGAGTAA-1,9,STROM,Chondrocytes,Adipocytes,DIF,0.202,0.394,0.184,0.22
AACTCAGAGGGCACTA-1,7,LYMPH,NK_cell,NK cells,DIF,0.198,0.706,0.07,0.026
AACTCAGAGTGTACTC-1,3,STROM,Tissue_stem_cells,Fibroblasts,DIF,0.192,0.462,0.232,0.114
AACTCAGCAATGCCAT-1,3,STROM,Chondrocytes,Fibroblasts,MES,0.146,0.244,0.15,0.46
AACTCAGCATTCCTGC-1,3,STROM,Tissue_stem_cells,Fibroblasts,MES,0.126,0.064,0.102,0.708
AACTCAGGTACGAAAT-1,7,STROM,Tissue_stem_cells,Adipocytes,DIF,0.314,0.442,0.118,0.126
AACTCAGGTGCAACTT-1,7,LYMPH,T_cells,CD8+ T-cells,DIF,0.306,0.39,0.13,0.174
AACTCAGTCAACTCTT-1,8,EPI,Epithelial_cells,Mesangial cells,DIF,0.152,0.708,0.11,0.03
AACTCAGTCAAGGCTT-1,2,ENDO,Endothelial_cells,Endothelial cells,DIF,0.144,0.406,0.326,0.124
AACTCAGTCCACGACG-1,3,STROM,Tissue_stem_cells,Fibroblasts,MES,0.158,0.148,0.286,0.408
AACTCAGTCCCAAGTA-1,3,STROM,Chondrocytes,Fibroblasts,MES,0.198,0.29,0.234,0.278
AACTCAGTCCGTCAAA-1,7,LYMPH,T_cells,CD8+ T-cells,DIF,0.414,0.39,0.12,0.076
AACTCAGTCGACAGCC-1,3,STROM,Osteoblasts,Fibroblasts,MES,0.178,0.312,0.196,0.314
AACTCAGTCGCCCTTA-1,1,STROM,Tissue_stem_cells,Adipocytes,IMR,0.402,0.354,0.124,0.12
AACTCAGTCTAACCGA-1,7,LYMPH,NK_cell,CD8+ T-cells,DIF,0.28,0.598,0.074,0.048
AACTCAGTCTAGCACA-1,3,STROM,Chondrocytes,Fibroblasts,DIF,0.256,0.404,0.21,0.13
AACTCAGTCTGGTGTA-1,7,STROM,Fibroblasts,Adipocytes,DIF,0.204,0.632,0.108,0.056
AACTCAGTCTGTCAAG-1,3,STROM,Tissue_stem_cells,Fibroblasts,MES,0.192,0.196,0.182,0.43
AACTCCCAGCCAACAG-1,7,LYMPH,NK_cell,CD8+ T-cells,DIF,0.248,0.604,0.084,0.064
AACTCCCAGCGTAATA-1,2,ENDO,Endothelial_cells,Endothelial cells,DIF,0.166,0.552,0.192,0.09
AACTCCCAGCTACCTA-1,7,LYMPH,Tissue_stem_cells,CD4+ T-cells,DIF,0.348,0.442,0.082,0.128
AACTCCCAGCTAGTGG-1,3,STROM,Osteoblasts,Adipocytes,DIF,0.22,0.286,0.204,0.29
AACTCCCAGGCTATCT-1,6,STROM,Tissue_stem_cells,Fibroblasts,MES,0.162,0.196,0.226,0.416
AACTCCCAGTACGCCC-1,7,LYMPH,Tissue_stem_cells,CD8+ T-cells,DIF,0.18,0.752,0.044,0.024
AACTCCCAGTCTCGGC-1,6,STROM,Fibroblasts,Adipocytes,DIF,0.224,0.366,0.186,0.224
AACTCCCCAAACAACA-1,3,STROM,Tissue_stem_cells,Fibroblasts,DIF,0.268,0.258,0.238,0.236
AACTCCCCAAACTGCT-1,7,LYMPH,T_cells,CD8+ T-cells,DIF,0.362,0.53,0.046,0.062
AACTCCCCAAGTTAAG-1,7,LYMPH,Tissue_stem_cells,CD8+ T-cells,DIF,0.138,0.78,0.056,0.026
AACTCCCCACCTTGTC-1,7,LYMPH,T_cells,CD4+ T-cells,DIF,0.296,0.572,0.094,0.038
AACTCCCCACTCAGGC-1,3,STROM,Fibroblasts,Fibroblasts,MES,0.16,0.244,0.248,0.348
AACTCCCCAGCGTAAG-1,9,STROM,Tissue_stem_cells,Adipocytes,MES,0.294,0.282,0.178,0.246
AACTCCCCAGGAATGC-1,9,STROM,Osteoblasts,Fibroblasts,DIF,0.206,0.262,0.248,0.284
AACTCCCCAGGACCCT-1,7,MYE,Pre-B_cell_CD34-,Monocytes,DIF,0.372,0.462,0.106,0.06
AACTCCCGTACCGTAT-1,7,LYMPH,NK_cell,CD8+ T-cells,DIF,0.272,0.578,0.12,0.03
AACTCCCGTAGCACGA-1,7,LYMPH,NK_cell,NK cells,DIF,0.372,0.496,0.078,0.054
AACTCCCGTAGGGTAC-1,3,STROM,Tissue_stem_cells,Fibroblasts,DIF,0.254,0.456,0.164,0.126
AACTCCCGTCAGCTAT-1,7,STROM,Tissue_stem_cells,Fibroblasts,DIF,0.222,0.488,0.174,0.116
AACTCCCGTCTAACGT-1,4,MYE,Monocyte,Monocytes,DIF,0.27,0.642,0.062,0.026
AACTCCCGTGCCTTGG-1,7,MYE,Monocyte,Adipocytes,DIF,0.372,0.496,0.068,0.064
AACTCCCTCAACACGT-1,7,LYMPH,T_cells,CD8+ T-cells,DIF,0.406,0.45,0.076,0.068
AACTCCCTCATGTGGT-1,10,STROM,Tissue_stem_cells,Mesangial cells,MES,0.206,0.198,0.258,0.338
AACTCCCTCCTCGCAT-1,2,ENDO,Endothelial_cells,Endothelial cells,MES,0.24,0.182,0.306,0.272
AACTCCCTCGGCGGTT-1,6,STROM,Fibroblasts,Mesangial cells,DIF,0.228,0.638,0.092,0.042
AACTCTTAGAAACCTA-1,3,STROM,Fibroblasts,Fibroblasts,MES,0.168,0.19,0.272,0.37
AACTCTTCACAAGCCC-1,3,STROM,Chondrocytes,Adipocytes,MES,0.212,0.218,0.154,0.416
AACTCTTCACTGAAGG-1,6,STROM,Fibroblasts,Adipocytes,DIF,0.268,0.396,0.182,0.154
AACTCTTCAGATCGGA-1,7,LYMPH,T_cells,CD8+ T-cells,DIF,0.25,0.638,0.06,0.052
AACTCTTCATGACATC-1,10,STROM,Fibroblasts,Fibroblasts,PRO,0.146,0.258,0.37,0.226
AACTCTTCATGCTGGC-1,8,STROM,Smooth_muscle_cells,Mesangial cells,DIF,0.236,0.62,0.088,0.056
AACTCTTCATGGTAGG-1,1,LYMPH,Tissue_stem_cells,HSC,DIF,0.294,0.39,0.138,0.178
AACTCTTGTAGCTCCG-1,4,MYE,Monocyte,Monocytes,IMR,0.492,0.306,0.1,0.102
AACTCTTGTCCATGAT-1,7,MYE,Pre-B_cell_CD34-,Monocytes,DIF,0.266,0.596,0.108,0.03
AACTCTTGTTTACTCT-1,4,MYE,Monocyte,Monocytes,DIF,0.372,0.524,0.044,0.06
AACTCTTTCCGTAGTA-1,4,MYE,Macrophage,Monocytes,DIF,0.468,0.436,0.054,0.042
AACTCTTTCTAACTCT-1,4,MYE,Monocyte,Monocytes,DIF,0.44,0.454,0.074,0.032
AACTCTTTCTGAGTGT-1,3,STROM,Osteoblasts,Fibroblasts,DIF,0.196,0.302,0.184,0.318
AACTCTTTCTTCTGGC-1,8,EPI,Epithelial_cells,Mesangial cells,DIF,0.198,0.358,0.37,0.074
AACTGGTAGCAACGGT-1,7,LYMPH,NK_cell,NK cells,DIF,0.288,0.45,0.194,0.068
AACTGGTAGCGCCTTG-1,4,MYE,DC,Monocytes,DIF,0.312,0.438,0.114,0.136
AACTGGTAGTCCGTAT-1,2,ENDO,Endothelial_cells,Endothelial cells,DIF,0.206,0.472,0.242,0.08
AACTGGTAGTTACCCA-1,3,STROM,Tissue_stem_cells,Fibroblasts,DIF,0.168,0.326,0.294,0.212
AACTGGTCAAAGCGGT-1,1,LYMPH,Tissue_stem_cells,HSC,DIF,0.242,0.652,0.072,0.034
AACTGGTCAAGGCTCC-1,7,LYMPH,T_cells,CD8+ T-cells,DIF,0.22,0.686,0.05,0.044
AACTGGTCACTGTCGG-1,4,MYE,Macrophage,Monocytes,IMR,0.61,0.296,0.046,0.048
AACTGGTCAGCGTCCA-1,4,MYE,Macrophage,Monocytes,DIF,0.176,0.69,0.102,0.032
AACTGGTCATGACGGA-1,4,MYE,Monocyte,Monocytes,DIF,0.408,0.504,0.064,0.024
AACTGGTGTAAATGAC-1,4,MYE,Monocyte,Monocytes,DIF,0.378,0.47,0.068,0.084
AACTGGTGTAGAAGGA-1,7,LYMPH,NK_cell,HSC,DIF,0.38,0.47,0.084,0.066
AACTGGTGTCTTCGTC-1,9,STROM,Tissue_stem_cells,Fibroblasts,MES,0.198,0.348,0.158,0.296
AACTGGTGTTATGTGC-1,2,STROM,Tissue_stem_cells,Adipocytes,DIF,0.264,0.626,0.07,0.04
AACTGGTGTTCGGCAC-1,4,MYE,DC,Monocytes,DIF,0.246,0.57,0.128,0.056
AACTGGTTCACAACGT-1,7,LYMPH,NK_cell,NK cells,DIF,0.196,0.71,0.062,0.032
AACTGGTTCAGTACGT-1,9,STROM,Fibroblasts,Fibroblasts,MES,0.256,0.18,0.188,0.376
AACTGGTTCATAGCAC-1,3,STROM,Fibroblasts,Adipocytes,MES,0.118,0.076,0.114,0.692
AACTGGTTCGTCTGAA-1,7,LYMPH,T_cells,CD8+ T-cells,DIF,0.214,0.662,0.084,0.04
AACTGGTTCTGTCTCG-1,3,STROM,Fibroblasts,Fibroblasts,DIF,0.212,0.308,0.206,0.274
AACTGGTTCTTCCTTC-1,3,STROM,Fibroblasts,Adipocytes,IMR,0.394,0.362,0.062,0.182
AACTGGTTCTTGAGAC-1,2,ENDO,Endothelial_cells,Endothelial cells,DIF,0.158,0.542,0.238,0.062
AACTTTCAGAAACCTA-1,7,LYMPH,T_cells,CD8+ T-cells,DIF,0.208,0.634,0.092,0.066
AACTTTCAGCACACAG-1,4,MYE,Macrophage,Monocytes,IMR,0.394,0.386,0.102,0.118
AACTTTCAGCGACGTA-1,10,STROM,Tissue_stem_cells,Mesangial cells,DIF,0.206,0.34,0.348,0.106
AACTTTCAGCGATCCC-1,7,LYMPH,T_cells,NK cells,DIF,0.208,0.636,0.098,0.058
AACTTTCAGTAGCGGT-1,8,STROM,Tissue_stem_cells,Mesangial cells,DIF,0.224,0.336,0.248,0.192
AACTTTCAGTCGCCGT-1,3,STROM,Tissue_stem_cells,Adipocytes,IMR,0.342,0.25,0.106,0.302
AACTTTCCAAAGGAAG-1,7,LYMPH,T_cells,CD8+ T-cells,DIF,0.24,0.554,0.116,0.09
AACTTTCCAAATACAG-1,4,MYE,Macrophage,Monocytes,IMR,0.532,0.35,0.068,0.05
AACTTTCCAAGCTGAG-1,10,STROM,Fibroblasts,Fibroblasts,IMR,0.414,0.43,0.084,0.072
AACTTTCCACAGCCCA-1,6,STROM,Fibroblasts,Adipocytes,DIF,0.26,0.508,0.148,0.084
AACTTTCCACCTGGTG-1,3,STROM,Tissue_stem_cells,Fibroblasts,DIF,0.308,0.45,0.114,0.128
AACTTTCCATGGTCTA-1,4,MYE,Monocyte,Macrophages,DIF,0.336,0.486,0.104,0.074
AACTTTCGTACCTACA-1,3,STROM,Fibroblasts,Adipocytes,DIF,0.202,0.346,0.308,0.144
AACTTTCGTACGAAAT-1,10,STROM,Tissue_stem_cells,Fibroblasts,DIF,0.286,0.288,0.172,0.254
AACTTTCGTCATATGC-1,8,EPI,Epithelial_cells,Mesangial cells,DIF,0.148,0.562,0.206,0.084
AACTTTCGTCCATGAT-1,4,MYE,Monocyte,Monocytes,DIF,0.412,0.418,0.086,0.084
AACTTTCGTGAGGGAG-1,3,STROM,Fibroblasts,Fibroblasts,IMR,0.354,0.222,0.098,0.326
AACTTTCGTGGAAAGA-1,7,LYMPH,T_cells,CD8+ T-cells,DIF,0.288,0.51,0.104,0.098
AACTTTCTCCTTTACA-1,7,LYMPH,T_cells,CD8+ T-cells,DIF,0.292,0.586,0.08,0.042
AACTTTCTCGAATCCA-1,7,LYMPH,Tissue_stem_cells,CD8+ T-cells,DIF,0.232,0.636,0.092,0.04
AACTTTCTCGCGTTTC-1,8,EPI,Epithelial_cells,Mesangial cells,DIF,0.25,0.454,0.168,0.128
AACTTTCTCTCAACTT-1,6,STROM,Tissue_stem_cells,Mesangial cells,DIF,0.218,0.454,0.162,0.166
AACTTTCTCTGCAGTA-1,3,STROM,Fibroblasts,Fibroblasts,MES,0.258,0.25,0.162,0.33
AACTTTCTCTTGTATC-1,3,STROM,Tissue_stem_cells,Adipocytes,MES,0.188,0.264,0.164,0.384
AAGACCTAGAAACCAT-1,7,LYMPH,T_cells,CD8+ T-cells,DIF,0.26,0.572,0.088,0.08
AAGACCTAGACGACGT-1,2,ENDO,Endothelial_cells,Endothelial cells,DIF,0.196,0.39,0.31,0.104
AAGACCTAGAGGACGG-1,7,ENDO,Endothelial_cells,Endothelial cells,DIF,0.294,0.556,0.09,0.06
AAGACCTAGCCAGTTT-1,6,STROM,Fibroblasts,Fibroblasts,IMR,0.354,0.336,0.138,0.172
AAGACCTAGCGTGAGT-1,3,STROM,Tissue_stem_cells,Fibroblasts,DIF,0.256,0.324,0.22,0.2
AAGACCTAGCGTTCCG-1,7,LYMPH,T_cells,Adipocytes,DIF,0.318,0.578,0.052,0.052
AAGACCTAGCTCTCGG-1,7,LYMPH,NK_cell,NK cells,DIF,0.222,0.644,0.072,0.062
AAGACCTAGGTTCCTA-1,4,MYE,Macrophage,Monocytes,DIF,0.276,0.586,0.092,0.046
AAGACCTAGTGACATA-1,10,STROM,Fibroblasts,Fibroblasts,DIF,0.208,0.504,0.166,0.122
AAGACCTAGTTAGGTA-1,3,STROM,Chondrocytes,Fibroblasts,DIF,0.216,0.336,0.192,0.256
AAGACCTCAAGACGTG-1,6,STROM,Fibroblasts,Fibroblasts,DIF,0.232,0.39,0.158,0.22
AAGACCTCAAGTAATG-1,7,LYMPH,T_cells,CD8+ T-cells,DIF,0.33,0.534,0.08,0.056
AAGACCTCAATACGCT-1,7,LYMPH,NK_cell,CD8+ T-cells,DIF,0.264,0.598,0.08,0.058
AAGACCTCACGCCAGT-1,7,LYMPH,T_cells,CD8+ T-cells,DIF,0.142,0.79,0.046,0.022
AAGACCTCACGTCAGC-1,7,LYMPH,T_cells,HSC,DIF,0.252,0.62,0.08,0.048
AAGACCTCAGTCGTGC-1,1,LYMPH,B_cell,HSC,IMR,0.486,0.288,0.106,0.12
AAGACCTCATCGGAAG-1,4,MYE,Macrophage,Macrophages,IMR,0.47,0.372,0.094,0.064
AAGACCTGTAAGGGCT-1,7,LYMPH,T_cells,CD4+ T-cells,DIF,0.342,0.538,0.068,0.052
AAGACCTGTCAAAGAT-1,7,LYMPH,Fibroblasts,CD8+ T-cells,DIF,0.236,0.528,0.138,0.098
AAGACCTGTCCGAGTC-1,7,LYMPH,T_cells,NK cells,DIF,0.366,0.516,0.072,0.046
AAGACCTGTCCTGCTT-1,3,STROM,Chondrocytes,Fibroblasts,MES,0.178,0.206,0.168,0.448
AAGACCTGTCGAAAGC-1,3,STROM,Fibroblasts,Mesangial cells,DIF,0.284,0.334,0.21,0.172
AAGACCTGTGCCTGCA-1,7,LYMPH,T_cells,CD4+ T-cells,DIF,0.334,0.494,0.098,0.074
AAGACCTGTTCCATGA-1,4,MYE,Macrophage,Macrophages,IMR,0.446,0.272,0.116,0.166
AAGACCTGTTCGTTGA-1,3,STROM,Osteoblasts,Fibroblasts,DIF,0.2,0.36,0.134,0.306
AAGACCTGTTCTGTTT-1,7,LYMPH,T_cells,CD8+ T-cells,IMR,0.456,0.354,0.058,0.132
AAGACCTTCACGATGT-1,4,MYE,Macrophage,Adipocytes,IMR,0.5,0.368,0.07,0.062
AAGACCTTCCAAAGTC-1,3,STROM,Tissue_stem_cells,Adipocytes,DIF,0.244,0.394,0.146,0.216
AAGACCTTCCAACCAA-1,3,STROM,Fibroblasts,Fibroblasts,MES,0.11,0.222,0.292,0.376
AAGACCTTCCCTCTTT-1,6,STROM,Fibroblasts,Fibroblasts,DIF,0.188,0.612,0.134,0.066
AAGACCTTCCGCATCT-1,7,STROM,Tissue_stem_cells,Adipocytes,DIF,0.164,0.666,0.144,0.026
AAGACCTTCCTCTAGC-1,6,STROM,Smooth_muscle_cells,Fibroblasts,DIF,0.184,0.434,0.21,0.172
AAGACCTTCTGAGTGT-1,1,STROM,Fibroblasts,Fibroblasts,DIF,0.22,0.408,0.174,0.198
AAGACCTTCTTGCCGT-1,4,MYE,Macrophage,Monocytes,IMR,0.482,0.394,0.046,0.078
AAGCCGCAGAAACCTA-1,10,STROM,Tissue_stem_cells,Fibroblasts,DIF,0.184,0.498,0.258,0.06
AAGCCGCAGACACTAA-1,3,STROM,Fibroblasts,Fibroblasts,MES,0.152,0.08,0.106,0.662
AAGCCGCAGCTGCAAG-1,3,STROM,Fibroblasts,Adipocytes,DIF,0.22,0.47,0.172,0.138
AAGCCGCAGGTGATTA-1,3,STROM,Chondrocytes,Adipocytes,DIF,0.19,0.304,0.262,0.244
AAGCCGCAGTCACGCC-1,2,ENDO,Endothelial_cells,Endothelial cells,DIF,0.142,0.55,0.2,0.108
AAGCCGCCAAGCTGGA-1,7,LYMPH,T_cells,CD8+ T-cells,DIF,0.268,0.636,0.068,0.028
AAGCCGCCAATGGAAT-1,3,STROM,Fibroblasts,Fibroblasts,MES,0.14,0.216,0.264,0.38
AAGCCGCCAATTGCTG-1,6,STROM,Osteoblasts,Adipocytes,DIF,0.198,0.428,0.13,0.244
AAGCCGCCACAGAGGT-1,4,MYE,Monocyte,Monocytes,IMR,0.406,0.382,0.066,0.146
AAGCCGCCACAGCCCA-1,3,STROM,Fibroblasts,Fibroblasts,DIF,0.18,0.288,0.328,0.204
AAGCCGCCACGTCAGC-1,7,LYMPH,NK_cell,Adipocytes,DIF,0.266,0.578,0.126,0.03
AAGCCGCCAGCTCGCA-1,4,MYE,Monocyte,Monocytes,DIF,0.354,0.572,0.042,0.032
AAGCCGCCAGCTTCGG-1,7,LYMPH,T_cells,Adipocytes,DIF,0.264,0.606,0.096,0.034
AAGCCGCGTAGCAAAT-1,4,MYE,Macrophage,Monocytes,IMR,0.538,0.318,0.05,0.094
AAGCCGCGTCACTTCC-1,7,LYMPH,Pre-B_cell_CD34-,CD8+ T-cells,DIF,0.25,0.6,0.096,0.054
AAGCCGCGTGCAGACA-1,6,STROM,Tissue_stem_cells,Adipocytes,DIF,0.234,0.554,0.132,0.08
AAGCCGCGTTTGTGTG-1,7,LYMPH,NK_cell,CD8+ T-cells,DIF,0.27,0.624,0.074,0.032
AAGCCGCTCACGCATA-1,7,LYMPH,T_cells,CD8+ T-cells,DIF,0.168,0.788,0.028,0.016
AAGCCGCTCATTGCGA-1,7,LYMPH,Tissue_stem_cells,CD8+ T-cells,DIF,0.338,0.522,0.078,0.062
AAGCCGCTCGCTTAGA-1,6,STROM,Chondrocytes,Mesangial cells,DIF,0.174,0.738,0.064,0.024
AAGCCGCTCGTGGACC-1,9,STROM,Tissue_stem_cells,Fibroblasts,DIF,0.328,0.354,0.142,0.176
AAGCCGCTCTCTGCTG-1,3,STROM,Tissue_stem_cells,Fibroblasts,DIF,0.178,0.55,0.188,0.084
AAGGAGCAGAATTGTG-1,3,STROM,Osteoblasts,Fibroblasts,MES,0.248,0.214,0.154,0.384
AAGGAGCAGCCCAACC-1,7,LYMPH,T_cells,CD8+ T-cells,DIF,0.264,0.666,0.04,0.03
AAGGAGCAGGAGTCTG-1,3,STROM,Tissue_stem_cells,Fibroblasts,PRO,0.182,0.284,0.276,0.258
AAGGAGCAGGATCGCA-1,4,MYE,Macrophage,Monocytes,DIF,0.342,0.564,0.044,0.05
AAGGAGCAGGGTGTTG-1,3,STROM,Fibroblasts,Adipocytes,MES,0.176,0.268,0.236,0.32
AAGGAGCAGTATGACA-1,3,STROM,Fibroblasts,Fibroblasts,MES,0.284,0.294,0.138,0.284
AAGGAGCAGTGGGCTA-1,10,STROM,Tissue_stem_cells,Fibroblasts,DIF,0.18,0.348,0.298,0.174
AAGGAGCAGTTTAGGA-1,9,STROM,Osteoblasts,Fibroblasts,MES,0.174,0.314,0.182,0.33
AAGGAGCAGTTTGCGT-1,4,MYE,Macrophage,Adipocytes,IMR,0.358,0.246,0.11,0.286
AAGGAGCCAACTGCGC-1,7,STROM,Tissue_stem_cells,Fibroblasts,DIF,0.284,0.408,0.146,0.162
AAGGAGCCAAGTCATC-1,7,MYE,HSC_CD34+,Monocytes,DIF,0.234,0.664,0.054,0.048
AAGGAGCCAATGAATG-1,2,STROM,Tissue_stem_cells,Adipocytes,DIF,0.258,0.312,0.26,0.17
AAGGAGCCACGGTAAG-1,3,STROM,Tissue_stem_cells,Fibroblasts,MES,0.182,0.22,0.254,0.344
AAGGAGCCAGCCACCA-1,4,MYE,Monocyte,Monocytes,DIF,0.362,0.46,0.09,0.088
AAGGAGCCAGTAAGAT-1,2,ENDO,Endothelial_cells,Endothelial cells,DIF,0.256,0.388,0.184,0.172
AAGGAGCCAGTCACTA-1,7,LYMPH,T_cells,CD8+ T-cells,DIF,0.242,0.622,0.084,0.052
AAGGAGCCATGTCTCC-1,6,STROM,Tissue_stem_cells,Fibroblasts,DIF,0.2,0.424,0.146,0.23
AAGGAGCGTAAGGGCT-1,7,LYMPH,T_cells,CD8+ T-cells,DIF,0.23,0.662,0.068,0.04
AAGGAGCGTAGTAGTA-1,3,STROM,Chondrocytes,Fibroblasts,MES,0.28,0.268,0.148,0.304
AAGGAGCGTCACACGC-1,3,STROM,Osteoblasts,Adipocytes,MES,0.186,0.1,0.188,0.526
AAGGAGCGTCTTCAAG-1,2,ENDO,Endothelial_cells,Endothelial cells,DIF,0.188,0.434,0.278,0.1
AAGGAGCGTGAAATCA-1,8,STROM,Tissue_stem_cells,Mesangial cells,DIF,0.134,0.634,0.204,0.028
AAGGAGCGTGCACCAC-1,7,LYMPH,T_cells,CD8+ T-cells,DIF,0.164,0.722,0.082,0.032
AAGGCAGAGACCCACC-1,1,STROM,Tissue_stem_cells,Adipocytes,DIF,0.292,0.406,0.194,0.108
AAGGCAGAGATACACA-1,7,LYMPH,T_cells,CD8+ T-cells,DIF,0.358,0.478,0.1,0.064
AAGGCAGAGCCACTAT-1,4,MYE,Macrophage,Monocytes,IMR,0.43,0.412,0.09,0.068
AAGGCAGAGCTCCCAG-1,7,LYMPH,T_cells,CD8+ T-cells,DIF,0.408,0.484,0.068,0.04
AAGGCAGAGGACTGGT-1,7,LYMPH,T_cells,CD8+ T-cells,DIF,0.188,0.582,0.164,0.066
AAGGCAGAGGATATAC-1,3,STROM,Tissue_stem_cells,Fibroblasts,DIF,0.22,0.316,0.198,0.266
AAGGCAGAGGCGACAT-1,4,MYE,Macrophage,Macrophages,IMR,0.544,0.274,0.078,0.104
AAGGCAGAGTGAAGAG-1,3,STROM,Chondrocytes,Fibroblasts,MES,0.142,0.196,0.172,0.49
AAGGCAGAGTTCGATC-1,3,STROM,Fibroblasts,Fibroblasts,MES,0.218,0.158,0.218,0.406
AAGGCAGCACAGGCCT-1,4,MYE,Monocyte,Monocytes,DIF,0.408,0.476,0.048,0.068
AAGGCAGCACCAGGCT-1,3,STROM,Chondrocytes,Fibroblasts,MES,0.204,0.192,0.262,0.342
AAGGCAGCACCGGAAA-1,3,STROM,Fibroblasts,Fibroblasts,DIF,0.206,0.342,0.232,0.22
AAGGCAGCACTATCTT-1,3,STROM,Chondrocytes,Fibroblasts,MES,0.136,0.236,0.134,0.494
AAGGCAGCAGAGTGTG-1,7,LYMPH,T_cells,CD8+ T-cells,DIF,0.258,0.504,0.124,0.114
AAGGCAGCAGCATGAG-1,3,STROM,Chondrocytes,Fibroblasts,MES,0.178,0.206,0.232,0.384
AAGGCAGCATCGATTG-1,7,LYMPH,NK_cell,NK cells,IMR,0.474,0.374,0.092,0.06
AAGGCAGCATCTGGTA-1,3,STROM,Fibroblasts,Fibroblasts,MES,0.174,0.24,0.18,0.406
AAGGCAGCATGCGCAC-1,8,STROM,Tissue_stem_cells,Mesangial cells,DIF,0.152,0.662,0.16,0.026
AAGGCAGCATTCACTT-1,7,LYMPH,T_cells,Adipocytes,DIF,0.214,0.654,0.078,0.054
AAGGCAGGTAGCTGCC-1,7,LYMPH,T_cells,CD8+ T-cells,DIF,0.364,0.498,0.06,0.078
AAGGCAGGTCAAACTC-1,3,STROM,Chondrocytes,Fibroblasts,DIF,0.204,0.272,0.3,0.224
AAGGCAGGTGCAACGA-1,6,STROM,Fibroblasts,Adipocytes,MES,0.138,0.194,0.31,0.358
AAGGCAGGTGCAGGTA-1,3,STROM,Fibroblasts,Adipocytes,DIF,0.148,0.388,0.168,0.296
AAGGCAGGTTTGGCGC-1,2,ENDO,Endothelial_cells,Endothelial cells,PRO,0.18,0.212,0.394,0.214
AAGGCAGTCACAACGT-1,4,MYE,Monocyte,Monocytes,IMR,0.456,0.472,0.038,0.034
AAGGCAGTCAGTGCAT-1,10,STROM,Tissue_stem_cells,Mesangial cells,MES,0.222,0.254,0.168,0.356
AAGGCAGTCATCGGAT-1,6,STROM,Chondrocytes,Mesangial cells,DIF,0.272,0.54,0.132,0.056
AAGGCAGTCATTGCGA-1,7,LYMPH,NK_cell,NK cells,IMR,0.508,0.416,0.052,0.024
AAGGCAGTCCAAGCCG-1,7,LYMPH,T_cells,CD8+ T-cells,IMR,0.442,0.356,0.072,0.13
AAGGCAGTCCCTCTTT-1,7,STROM,Tissue_stem_cells,Adipocytes,DIF,0.21,0.662,0.098,0.03
AAGGCAGTCCGCATCT-1,7,LYMPH,T_cells,Adipocytes,DIF,0.172,0.684,0.078,0.066
AAGGCAGTCGAGAGCA-1,9,STROM,Tissue_stem_cells,Adipocytes,MES,0.212,0.272,0.162,0.354
AAGGCAGTCGAGGTAG-1,3,STROM,Chondrocytes,Fibroblasts,MES,0.15,0.28,0.268,0.302
AAGGCAGTCTTCGGTC-1,6,STROM,Fibroblasts,Fibroblasts,DIF,0.178,0.302,0.264,0.256
AAGGTTCAGAACTGTA-1,7,LYMPH,T_cells,CD8+ T-cells,DIF,0.27,0.638,0.064,0.028
AAGGTTCAGACAAAGG-1,10,STROM,Tissue_stem_cells,Mesangial cells,DIF,0.144,0.462,0.264,0.13
AAGGTTCAGCGTCAAG-1,7,LYMPH,NK_cell,Adipocytes,DIF,0.342,0.542,0.066,0.05
AAGGTTCAGGCTATCT-1,3,STROM,Tissue_stem_cells,Fibroblasts,MES,0.204,0.144,0.154,0.498
AAGGTTCAGTGTGAAT-1,7,LYMPH,T_cells,CD8+ T-cells,DIF,0.208,0.462,0.166,0.164
AAGGTTCAGTGTTAGA-1,3,STROM,Chondrocytes,Fibroblasts,MES,0.208,0.242,0.214,0.336
AAGGTTCCACACGCTG-1,3,STROM,Chondrocytes,Fibroblasts,MES,0.204,0.238,0.124,0.434
AAGGTTCCACCCATTC-1,7,LYMPH,T_cells,CD8+ T-cells,DIF,0.31,0.56,0.088,0.042
AAGGTTCCACCTTGTC-1,4,MYE,Macrophage,Macrophages,DIF,0.362,0.538,0.048,0.052
AAGGTTCCAGACAGGT-1,8,EPI,Neurons,Mesangial cells,DIF,0.292,0.518,0.148,0.042
AAGGTTCCAGCAGTTT-1,4,MYE,Macrophage,Macrophages,IMR,0.374,0.368,0.08,0.178
AAGGTTCCAGCCACCA-1,3,STROM,Chondrocytes,Fibroblasts,MES,0.148,0.248,0.25,0.354
AAGGTTCCAGCGAACA-1,3,STROM,Tissue_stem_cells,Fibroblasts,DIF,0.198,0.488,0.152,0.162
AAGGTTCCATACTACG-1,3,STROM,Tissue_stem_cells,Adipocytes,IMR,0.294,0.246,0.21,0.25
AAGGTTCCATATACGC-1,4,MYE,DC,Monocytes,DIF,0.398,0.458,0.062,0.082
AAGGTTCCATTGGGCC-1,8,STROM,Tissue_stem_cells,Mesangial cells,DIF,0.154,0.614,0.158,0.074
AAGGTTCGTACCGCTG-1,4,MYE,Monocyte,Monocytes,DIF,0.376,0.412,0.11,0.102
AAGGTTCGTACCGTAT-1,9,STROM,Tissue_stem_cells,Adipocytes,DIF,0.286,0.324,0.192,0.198
AAGGTTCGTACCGTTA-1,3,STROM,Tissue_stem_cells,Fibroblasts,MES,0.208,0.16,0.194,0.438
AAGGTTCGTCGCCATG-1,8,STROM,Chondrocytes,Mesangial cells,DIF,0.08,0.534,0.348,0.038
AAGGTTCGTCTTTCAT-1,6,STROM,Tissue_stem_cells,Mesangial cells,DIF,0.232,0.51,0.19,0.068
AAGGTTCGTGAAGGCT-1,4,MYE,Macrophage,Macrophages,IMR,0.396,0.424,0.084,0.096
AAGGTTCGTGAGCGAT-1,3,STROM,Fibroblasts,Fibroblasts,DIF,0.172,0.518,0.204,0.106
AAGGTTCTCACATACG-1,3,STROM,Chondrocytes,Fibroblasts,DIF,0.256,0.266,0.256,0.222
AAGGTTCTCACATAGC-1,7,LYMPH,T_cells,CD8+ T-cells,DIF,0.268,0.55,0.108,0.074
AAGGTTCTCCATGCTC-1,7,LYMPH,T_cells,CD8+ T-cells,DIF,0.276,0.612,0.054,0.058
AAGGTTCTCCTCAATT-1,7,LYMPH,T_cells,CD8+ T-cells,DIF,0.262,0.656,0.046,0.036
AAGGTTCTCGGAAATA-1,3,STROM,Tissue_stem_cells,Fibroblasts,DIF,0.174,0.496,0.15,0.18
AAGTCTGAGACGCTTT-1,3,STROM,Fibroblasts,Adipocytes,DIF,0.264,0.496,0.144,0.096
