Barcode,Cluster,celltype,hpca.celltype,encode.celltype,subtype,IMR_consensus,DIF_consensus,PRO_consensus,MES_consensus
AAACCTGAGACAAGCC-1,2,LYMPH,T_cells,NK cells,DIF,0.116,0.548,0.16,0.176
AAACCTGAGCCACGTC-1,8,EPI,Epithelial_cells,Adipocytes,DIF,0.154,0.564,0.136,0.146
AAACCTGAGGTGTGGT-1,8,MYE,DC,Adipocytes,DIF,0.216,0.476,0.14,0.168
AAACCTGCACAGTCGC-1,5,EPI,Epithelial_cells,Erythrocytes,DIF,0.172,0.456,0.21,0.162
AAACCTGGTAGCTTGT-1,4,MYE,Pro-B_cell_CD34+,Erythrocytes,DIF,0.154,0.552,0.154,0.14
AAACCTGGTCGAATCT-1,2,LYMPH,Pre-B_cell_CD34-,CD8+ T-cells,MES,0.238,0.356,0.082,0.324
AAACCTGGTTCTGGTA-1,2,LYMPH,T_cells,CD8+ T-cells,DIF,0.194,0.438,0.1,0.268
AAACCTGGTTGTGGAG-1,2,LYMPH,B_cell,B-cells,IMR,0.388,0.404,0.112,0.096
AAACCTGGTTTGACTG-1,10,LYMPH,T_cells,CD8+ T-cells,DIF,0.176,0.596,0.058,0.17
AAACCTGTCAGCGATT-1,5,EPI,Epithelial_cells,HSC,DIF,0.19,0.524,0.162,0.124
AAACCTGTCATACGGT-1,12,LYMPH,B_cell,B-cells,DIF,0.244,0.576,0.084,0.096
AAACCTGTCCGCGTTT-1,5,MYE,Pro-B_cell_CD34+,Erythrocytes,DIF,0.134,0.49,0.256,0.12
AAACCTGTCGGAGGTA-1,1,EPI,Epithelial_cells,Epithelial cells,PRO,0.132,0.356,0.352,0.16
AAACCTGTCTTCGGTC-1,1,EPI,Epithelial_cells,Epithelial cells,PRO,0.112,0.294,0.414,0.18
AAACGGGAGAGTACAT-1,4,MYE,Pro-B_cell_CD34+,Erythrocytes,DIF,0.168,0.49,0.112,0.23
AAACGGGAGATCGGGT-1,10,LYMPH,T_cells,CD8+ T-cells,DIF,0.184,0.56,0.114,0.142
AAACGGGAGCTTCGCG-1,9,EPI,Epithelial_cells,HSC,DIF,0.13,0.536,0.208,0.126
AAACGGGAGGCAGTCA-1,1,EPI,iPS_cells,Mesangial cells,DIF,0.12,0.61,0.224,0.046
AAACGGGCACAAGTAA-1,5,EPI,Epithelial_cells,Erythrocytes,DIF,0.228,0.474,0.132,0.166
AAACGGGCACCGGAAA-1,10,LYMPH,T_cells,CD8+ T-cells,DIF,0.17,0.504,0.166,0.16
AAACGGGCACGGTTTA-1,12,LYMPH,B_cell,HSC,DIF,0.22,0.386,0.23,0.164
AAACGGGCATACCATG-1,3,MYE,Macrophage,Macrophages,IMR,0.552,0.208,0.064,0.176
AAACGGGCATGTTCCC-1,5,EPI,Epithelial_cells,Erythrocytes,DIF,0.294,0.342,0.214,0.15
AAACGGGGTGACGCCT-1,1,EPI,Embryonic_stem_cells,Mesangial cells,DIF,0.072,0.394,0.368,0.166
AAACGGGGTGCGATAG-1,4,EPI,Epithelial_cells,Mesangial cells,DIF,0.112,0.508,0.262,0.118
AAACGGGTCGAGCCCA-1,5,EPI,Epithelial_cells,HSC,DIF,0.12,0.488,0.304,0.088
AAACGGGTCGCCATAA-1,7,LYMPH,T_cells,CD8+ T-cells,IMR,0.446,0.366,0.098,0.09
AAACGGGTCGGTGTCG-1,1,EPI,Epithelial_cells,Mesangial cells,DIF,0.134,0.46,0.29,0.116
AAACGGGTCTTCGGTC-1,10,LYMPH,T_cells,CD8+ T-cells,DIF,0.216,0.424,0.112,0.248
AAAGATGAGAGCTGGT-1,7,LYMPH,T_cells,CD8+ T-cells,DIF,0.19,0.48,0.128,0.202
AAAGATGAGTTCGATC-1,1,EPI,Epithelial_cells,Mesangial cells,PRO,0.106,0.266,0.42,0.208
AAAGATGCAACACCCG-1,1,EPI,Epithelial_cells,Mesangial cells,DIF,0.028,0.57,0.32,0.082
AAAGATGGTACTTCTT-1,1,EPI,Epithelial_cells,Epithelial cells,DIF,0.104,0.474,0.238,0.184
AAAGATGTCAATCACG-1,1,STROM,Fibroblasts,Mesangial cells,DIF,0.1,0.41,0.334,0.156
AAAGATGTCCGCGTTT-1,4,EPI,Epithelial_cells,Mesangial cells,DIF,0.16,0.42,0.242,0.178
AAAGATGTCGAATGCT-1,3,MYE,Monocyte,Monocytes,DIF,0.216,0.388,0.108,0.288
AAAGATGTCGCCAGCA-1,10,LYMPH,T_cells,CD8+ T-cells,DIF,0.212,0.402,0.154,0.232
AAAGATGTCGGACAAG-1,7,LYMPH,T_cells,CD8+ T-cells,DIF,0.198,0.51,0.158,0.134
AAAGCAAAGAATAGGG-1,7,LYMPH,T_cells,CD8+ T-cells,IMR,0.35,0.346,0.1,0.204
AAAGCAAAGACGCACA-1,2,NA,BM,B-cells,DIF,0.202,0.472,0.168,0.158
AAAGCAAAGTCAAGCG-1,12,MYE,DC,Macrophages,DIF,0.276,0.438,0.148,0.138
AAAGCAAAGTTCGCGC-1,9,LYMPH,Pro-B_cell_CD34+,Adipocytes,DIF,0.2,0.4,0.21,0.19
AAAGCAACAAGGGTCA-1,1,EPI,Epithelial_cells,Mesangial cells,PRO,0.132,0.316,0.402,0.15
AAAGCAACACTGAAGG-1,5,EPI,Epithelial_cells,Erythrocytes,DIF,0.156,0.51,0.204,0.13
AAAGCAACAGTGAGTG-1,10,LYMPH,T_cells,CD8+ T-cells,DIF,0.22,0.402,0.166,0.212
AAAGCAACATTGTGCA-1,1,EPI,Epithelial_cells,Mesangial cells,DIF,0.116,0.396,0.378,0.11
AAAGCAAGTAAGGGCT-1,3,MYE,Macrophage,Macrophages,DIF,0.282,0.388,0.078,0.252
AAAGCAAGTACCGTTA-1,7,LYMPH,T_cells,CD8+ T-cells,DIF,0.238,0.386,0.07,0.306
AAAGCAAGTACTTAGC-1,7,LYMPH,T_cells,CD8+ T-cells,DIF,0.334,0.334,0.15,0.182
AAAGCAAGTTATCACG-1,12,LYMPH,B_cell,HSC,DIF,0.166,0.442,0.236,0.156
AAAGCAAGTTCGGGCT-1,1,EPI,Epithelial_cells,Mesangial cells,DIF,0.118,0.34,0.416,0.126
AAAGCAATCTCGCATC-1,11,MYE,Macrophage,Macrophages,DIF,0.256,0.472,0.086,0.186
AAAGCAATCTTCGGTC-1,3,MYE,Macrophage,Macrophages,DIF,0.212,0.474,0.14,0.174
AAAGTAGAGAAGATTC-1,10,LYMPH,T_cells,CD8+ T-cells,DIF,0.138,0.544,0.2,0.118
AAAGTAGAGGACAGAA-1,5,EPI,Epithelial_cells,Epithelial cells,DIF,0.16,0.51,0.18,0.15
AAAGTAGAGTATGACA-1,1,EPI,Epithelial_cells,Epithelial cells,DIF,0.21,0.374,0.212,0.204
AAAGTAGAGTATTGGA-1,1,EPI,iPS_cells,Mesangial cells,DIF,0.166,0.41,0.256,0.168
AAAGTAGCAAGTTAAG-1,1,EPI,Epithelial_cells,Mesangial cells,DIF,0.16,0.482,0.292,0.066
AAAGTAGGTACTTGAC-1,10,LYMPH,T_cells,CD8+ T-cells,DIF,0.19,0.438,0.114,0.258
AAAGTAGGTCATATGC-1,10,LYMPH,T_cells,CD8+ T-cells,DIF,0.258,0.376,0.152,0.214
AAAGTAGGTCCAGTAT-1,1,EPI,Epithelial_cells,Epithelial cells,PRO,0.134,0.36,0.328,0.178
AAAGTAGGTCGAACAG-1,2,LYMPH,T_cells,CD8+ T-cells,DIF,0.152,0.482,0.13,0.236
AAAGTAGGTTCAGCGC-1,4,EPI,Epithelial_cells,Epithelial cells,DIF,0.134,0.466,0.238,0.162
AAAGTAGTCCTAAGTG-1,3,MYE,Macrophage,Macrophages,DIF,0.26,0.512,0.06,0.168
AAATGCCAGATCCTGT-1,2,LYMPH,T_cells,CD8+ T-cells,DIF,0.15,0.5,0.196,0.154
AAATGCCCACAGGAGT-1,10,LYMPH,T_cells,CD8+ T-cells,DIF,0.29,0.428,0.106,0.176
AAATGCCCACCAGATT-1,4,EPI,Epithelial_cells,Erythrocytes,DIF,0.154,0.526,0.142,0.178
AAATGCCCACCTCGGA-1,4,EPI,Neurons,Mesangial cells,DIF,0.118,0.48,0.246,0.156
AAATGCCCATTGCGGC-1,1,EPI,Epithelial_cells,Epithelial cells,PRO,0.078,0.344,0.478,0.1
AAATGCCGTAGGACAC-1,6,LYMPH,Pro-B_cell_CD34+,HSC,DIF,0.136,0.544,0.182,0.138
AAATGCCGTATATCCG-1,5,EPI,Epithelial_cells,Mesangial cells,DIF,0.128,0.47,0.306,0.096
AAATGCCGTCAGAATA-1,8,STROM,Smooth_muscle_cells,Mesangial cells,DIF,0.136,0.442,0.298,0.124
AAATGCCGTCCGTGAC-1,1,STROM,Fibroblasts,Mesangial cells,PRO,0.142,0.308,0.276,0.274
AAATGCCTCGGTCTAA-1,7,MYE,Macrophage,CD4+ T-cells,DIF,0.292,0.36,0.114,0.234
AAATGCCTCTGGTATG-1,3,MYE,Macrophage,Macrophages,IMR,0.446,0.304,0.072,0.178
AACACGTAGACAGACC-1,5,LYMPH,Endothelial_cells,HSC,DIF,0.116,0.452,0.328,0.104
AACACGTAGCCCGAAA-1,7,LYMPH,T_cells,CD8+ T-cells,DIF,0.27,0.46,0.082,0.188
AACACGTAGCGTTGCC-1,9,EPI,Epithelial_cells,HSC,DIF,0.174,0.554,0.162,0.11
AACACGTAGGTTACCT-1,1,EPI,Epithelial_cells,Mesangial cells,DIF,0.098,0.432,0.258,0.212
AACACGTAGTCATCCA-1,1,EPI,Epithelial_cells,Mesangial cells,PRO,0.054,0.436,0.426,0.084
AACACGTCAAGCTGGA-1,5,EPI,Epithelial_cells,Mesangial cells,DIF,0.176,0.554,0.192,0.078
AACACGTCAATAGCGG-1,4,EPI,Epithelial_cells,Mesangial cells,DIF,0.126,0.532,0.21,0.132
AACACGTCACGAAAGC-1,2,LYMPH,T_cells,CD8+ T-cells,DIF,0.34,0.38,0.106,0.174
AACACGTCAGATGAGC-1,1,EPI,Epithelial_cells,Mesangial cells,MES,0.178,0.25,0.272,0.3
AACACGTCAGATTGCT-1,3,MYE,Macrophage,Macrophages,MES,0.348,0.164,0.104,0.384
AACACGTCAGTATGCT-1,5,EPI,iPS_cells,Mesangial cells,DIF,0.102,0.522,0.276,0.1
AACACGTGTCAGAAGC-1,5,EPI,Epithelial_cells,Mesangial cells,DIF,0.084,0.464,0.31,0.142
AACACGTGTCTAGCGC-1,3,MYE,Macrophage,Macrophages,IMR,0.51,0.252,0.074,0.164
AACACGTGTGAGGGTT-1,1,EPI,Epithelial_cells,Epithelial cells,PRO,0.138,0.3,0.402,0.16
AACACGTTCAGCCTAA-1,1,EPI,Epithelial_cells,Mesangial cells,PRO,0.09,0.412,0.388,0.11
AACACGTTCGCAAGCC-1,10,LYMPH,NK_cell,NK cells,DIF,0.242,0.454,0.106,0.198
AACACGTTCTGGCGAC-1,3,MYE,Macrophage,Macrophages,DIF,0.298,0.386,0.15,0.166
AACACGTTCTGGGCCA-1,1,EPI,Epithelial_cells,Mesangial cells,PRO,0.084,0.294,0.496,0.126
AACACGTTCTTCGAGA-1,1,EPI,Epithelial_cells,HSC,DIF,0.29,0.516,0.1,0.094
AACCATGAGACACTAA-1,8,EPI,Epithelial_cells,Mesangial cells,DIF,0.112,0.536,0.202,0.15
AACCATGAGAGTAAGG-1,8,EPI,Epithelial_cells,Erythrocytes,DIF,0.138,0.478,0.252,0.132
AACCATGAGCGCCTTG-1,4,EPI,Embryonic_stem_cells,Epithelial cells,DIF,0.142,0.444,0.24,0.174
AACCATGAGTACGCCC-1,12,LYMPH,B_cell,B-cells,DIF,0.288,0.458,0.134,0.12
AACCATGAGTAGGCCA-1,1,EPI,Epithelial_cells,Mesangial cells,PRO,0.124,0.312,0.384,0.18
AACCATGCACCCATTC-1,4,EPI,Epithelial_cells,Erythrocytes,DIF,0.112,0.498,0.276,0.114
AACCATGCAGCGAACA-1,3,MYE,Macrophage,Macrophages,DIF,0.324,0.5,0.09,0.086
AACCATGCAGTCAGCC-1,2,LYMPH,T_cells,HSC,DIF,0.188,0.41,0.19,0.212
AACCATGCATCGATTG-1,3,MYE,Macrophage,Macrophages,IMR,0.518,0.304,0.082,0.096
AACCATGGTAAGTGTA-1,7,LYMPH,T_cells,CD4+ T-cells,DIF,0.196,0.334,0.17,0.3
AACCATGGTAGAGTGC-1,2,LYMPH,T_cells,HSC,DIF,0.144,0.546,0.172,0.138
AACCATGGTGAAATCA-1,10,LYMPH,T_cells,CD8+ T-cells,DIF,0.262,0.462,0.13,0.146
AACCATGGTGCGAAAC-1,5,EPI,iPS_cells,Mesangial cells,DIF,0.154,0.424,0.176,0.246
AACCATGTCCTATGTT-1,1,MYE,DC,Mesangial cells,DIF,0.096,0.386,0.398,0.12
AACCATGTCTTATCTG-1,5,EPI,Embryonic_stem_cells,HSC,DIF,0.184,0.47,0.228,0.118
AACCGCGAGACTACAA-1,3,MYE,Macrophage,Monocytes,IMR,0.49,0.2,0.088,0.222
AACCGCGAGAGAACAG-1,4,MYE,GMP,Monocytes,DIF,0.126,0.5,0.23,0.144
AACCGCGAGAGCTATA-1,1,EPI,Epithelial_cells,Mesangial cells,PRO,0.082,0.266,0.498,0.154
AACCGCGAGGATCGCA-1,1,EPI,Epithelial_cells,Epithelial cells,PRO,0.184,0.276,0.332,0.208
AACCGCGAGGTGACCA-1,1,STROM,Fibroblasts,Mesangial cells,DIF,0.132,0.33,0.346,0.192
AACCGCGCATACCATG-1,4,MYE,CMP,Erythrocytes,DIF,0.14,0.506,0.132,0.222
AACCGCGCATATGCTG-1,5,NA,CMP,Mesangial cells,DIF,0.202,0.498,0.154,0.146
AACCGCGGTATGAATG-1,10,LYMPH,T_cells,CD8+ T-cells,DIF,0.304,0.456,0.12,0.12
AACCGCGGTCCAAGTT-1,4,MYE,Pre-B_cell_CD34-,Erythrocytes,DIF,0.158,0.502,0.232,0.108
AACCGCGGTCGCGTGT-1,1,EPI,Neurons,Mesangial cells,DIF,0.214,0.514,0.216,0.056
AACCGCGGTGCACTTA-1,4,MYE,Macrophage,Erythrocytes,DIF,0.188,0.482,0.172,0.158
AACCGCGGTGTATGGG-1,5,EPI,Epithelial_cells,Mesangial cells,MES,0.206,0.252,0.282,0.26
AACCGCGGTGTGAAAT-1,10,LYMPH,T_cells,CD8+ T-cells,DIF,0.206,0.436,0.106,0.252
AACCGCGGTTGACGTT-1,12,MYE,DC,B-cells,DIF,0.204,0.558,0.124,0.114
AACCGCGTCACCACCT-1,7,LYMPH,T_cells,CD8+ T-cells,DIF,0.21,0.398,0.1,0.292
AACCGCGTCAGTCAGT-1,10,LYMPH,T_cells,CD8+ T-cells,IMR,0.424,0.322,0.108,0.146
AACCGCGTCAGTGTTG-1,1,EPI,Epithelial_cells,Epithelial cells,DIF,0.192,0.42,0.218,0.17
AACCGCGTCCACGTTC-1,9,MYE,Macrophage,HSC,DIF,0.262,0.546,0.098,0.094
AACCGCGTCCCTTGTG-1,1,EPI,Epithelial_cells,Mesangial cells,DIF,0.106,0.454,0.336,0.104
AACCGCGTCGCGTTTC-1,12,LYMPH,Pre-B_cell_CD34-,HSC,DIF,0.204,0.542,0.114,0.14
AACCGCGTCGTAGATC-1,10,LYMPH,T_cells,CD8+ T-cells,DIF,0.188,0.432,0.18,0.2
AACGTTGAGAATTCCC-1,5,EPI,Epithelial_cells,Erythrocytes,DIF,0.106,0.464,0.312,0.118
AACGTTGAGACTACAA-1,4,EPI,Epithelial_cells,Erythrocytes,DIF,0.124,0.408,0.31,0.158
AACGTTGAGAGAACAG-1,1,MYE,Macrophage,Mesangial cells,DIF,0.17,0.35,0.336,0.144
AACGTTGAGAGCAATT-1,1,EPI,Epithelial_cells,HSC,PRO,0.112,0.356,0.424,0.108
AACGTTGAGATATACG-1,8,MYE,Macrophage,Erythrocytes,DIF,0.238,0.498,0.136,0.128
AACGTTGAGTGTTTGC-1,7,LYMPH,T_cells,CD8+ T-cells,DIF,0.15,0.538,0.162,0.15
AACGTTGCAGGTGCCT-1,4,MYE,DC,Erythrocytes,DIF,0.16,0.582,0.114,0.144
AACGTTGGTAAGGGAA-1,12,LYMPH,B_cell,B-cells,IMR,0.292,0.354,0.124,0.23
AACGTTGGTCGAGTTT-1,4,LYMPH,Pro-B_cell_CD34+,Mesangial cells,DIF,0.156,0.452,0.234,0.158
AACGTTGTCCAGTATG-1,1,EPI,Epithelial_cells,Mesangial cells,DIF,0.144,0.428,0.28,0.148
AACGTTGTCCTTTCGG-1,1,EPI,Epithelial_cells,Epithelial cells,DIF,0.114,0.48,0.292,0.114
AACTCAGAGTACGACG-1,7,LYMPH,T_cells,CD8+ T-cells,DIF,0.168,0.478,0.19,0.164
AACTCAGAGTGTGAAT-1,10,LYMPH,NK_cell,NK cells,DIF,0.232,0.504,0.122,0.142
AACTCAGCACGAGGTA-1,7,LYMPH,T_cells,CD8+ T-cells,DIF,0.248,0.364,0.13,0.258
AACTCAGCAGATGGCA-1,10,LYMPH,T_cells,CD8+ T-cells,DIF,0.164,0.618,0.094,0.124
AACTCAGCAGGTGCCT-1,5,EPI,Epithelial_cells,Mesangial cells,DIF,0.124,0.624,0.146,0.106
AACTCAGCATCAGTAC-1,1,EPI,Epithelial_cells,HSC,DIF,0.116,0.422,0.218,0.244
AACTCAGGTAAATACG-1,4,MYE,Hepatocytes,Macrophages,DIF,0.184,0.522,0.116,0.178
AACTCAGGTAATTGGA-1,8,MYE,Macrophage,Adipocytes,DIF,0.154,0.508,0.226,0.112
AACTCAGGTCTTCGTC-1,5,LYMPH,GMP,HSC,DIF,0.12,0.484,0.238,0.158
AACTCAGGTGACTACT-1,1,EPI,Epithelial_cells,Mesangial cells,DIF,0.234,0.366,0.232,0.168
AACTCAGGTGTCAATC-1,10,LYMPH,T_cells,Adipocytes,DIF,0.128,0.52,0.228,0.124
AACTCAGGTTCCACGG-1,2,LYMPH,T_cells,CD8+ T-cells,DIF,0.26,0.478,0.134,0.128
AACTCAGGTTCCGGCA-1,5,EPI,Epithelial_cells,Mesangial cells,DIF,0.118,0.378,0.334,0.17
AACTCAGGTTCGTGAT-1,2,LYMPH,T_cells,CD4+ T-cells,DIF,0.126,0.584,0.138,0.152
AACTCAGGTTGCTCCT-1,10,LYMPH,T_cells,CD8+ T-cells,DIF,0.182,0.542,0.106,0.17
AACTCAGGTTTGTGTG-1,6,LYMPH,BM,HSC,DIF,0.158,0.45,0.212,0.18
AACTCCCAGCATCATC-1,2,LYMPH,B_cell,B-cells,DIF,0.246,0.494,0.122,0.138
AACTCCCAGCCGGTAA-1,5,EPI,Epithelial_cells,HSC,DIF,0.176,0.366,0.27,0.188
AACTCCCAGTTCGATC-1,6,LYMPH,Pro-B_cell_CD34+,HSC,DIF,0.15,0.514,0.144,0.192
AACTCCCAGTTTGCGT-1,6,MYE,Macrophage,HSC,DIF,0.148,0.36,0.324,0.168
AACTCCCCAAGTTAAG-1,1,EPI,Epithelial_cells,Mesangial cells,DIF,0.11,0.442,0.344,0.104
AACTCCCCACAGACAG-1,5,MYE,CMP,Erythrocytes,DIF,0.148,0.528,0.186,0.138
AACTCCCGTCAACATC-1,4,EPI,Neurons,Mesangial cells,DIF,0.11,0.526,0.252,0.112
AACTCCCGTCTTGATG-1,10,LYMPH,T_cells,CD8+ T-cells,DIF,0.226,0.456,0.126,0.192
AACTCCCGTGACAAAT-1,5,EPI,Epithelial_cells,Epithelial cells,DIF,0.172,0.536,0.166,0.126
AACTCCCGTGTTAAGA-1,4,EPI,Endothelial_cells,Epithelial cells,DIF,0.184,0.492,0.102,0.222
AACTCCCGTTCTGGTA-1,4,LYMPH,T_cells,HSC,DIF,0.18,0.404,0.166,0.25
AACTCCCTCAGAAATG-1,5,LYMPH,Pro-B_cell_CD34+,HSC,DIF,0.144,0.426,0.314,0.116
AACTCCCTCCTTGGTC-1,4,MYE,Macrophage,Macrophages,DIF,0.17,0.492,0.132,0.206
AACTCCCTCGCTTGTC-1,5,EPI,Epithelial_cells,Epithelial cells,DIF,0.12,0.464,0.284,0.132
AACTCCCTCGTTTGCC-1,1,EPI,Epithelial_cells,Mesangial cells,PRO,0.118,0.254,0.39,0.238
AACTCTTAGAGCCTAG-1,1,EPI,Neurons,Mesangial cells,DIF,0.116,0.4,0.336,0.148
AACTCTTAGCTAACAA-1,10,LYMPH,T_cells,CD8+ T-cells,DIF,0.126,0.546,0.148,0.18
AACTCTTAGGCAGGTT-1,4,MYE,DC,Adipocytes,DIF,0.14,0.636,0.122,0.102
AACTCTTAGGGAGTAA-1,1,EPI,Epithelial_cells,Mesangial cells,DIF,0.138,0.37,0.302,0.19
AACTCTTAGTGGTAGC-1,10,LYMPH,T_cells,CD8+ T-cells,IMR,0.428,0.282,0.082,0.208
AACTCTTCACACCGAC-1,1,EPI,Epithelial_cells,Mesangial cells,PRO,0.082,0.252,0.488,0.178
AACTCTTCACAGACAG-1,7,LYMPH,T_cells,CD8+ T-cells,DIF,0.168,0.47,0.156,0.206
AACTCTTCACGCTTTC-1,13,STROM,Tissue_stem_cells,Adipocytes,DIF,0.16,0.422,0.142,0.276
AACTCTTCAGTATAAG-1,5,EPI,Epithelial_cells,Mesangial cells,DIF,0.12,0.418,0.26,0.202
AACTCTTCATTGGGCC-1,4,EPI,Epithelial_cells,Erythrocytes,DIF,0.15,0.486,0.184,0.18
AACTCTTGTCACTTCC-1,1,EPI,Neurons,Mesangial cells,PRO,0.088,0.376,0.452,0.084
AACTCTTGTCCCGACA-1,5,EPI,Epithelial_cells,Erythrocytes,DIF,0.106,0.514,0.256,0.124
AACTCTTTCAGGTAAA-1,1,EPI,Epithelial_cells,Epithelial cells,PRO,0.186,0.338,0.306,0.17
AACTCTTTCCACGTTC-1,3,MYE,Monocyte,Monocytes,DIF,0.258,0.456,0.13,0.156
AACTCTTTCCCAAGAT-1,6,EPI,Epithelial_cells,Erythrocytes,DIF,0.144,0.52,0.196,0.14
AACTCTTTCCTGCCAT-1,10,LYMPH,T_cells,CD8+ T-cells,DIF,0.268,0.444,0.078,0.21
AACTCTTTCGTACCGG-1,1,EPI,Epithelial_cells,Mesangial cells,DIF,0.118,0.466,0.302,0.114
AACTCTTTCTGGCGTG-1,10,LYMPH,T_cells,CD8+ T-cells,DIF,0.234,0.48,0.126,0.16
AACTGGTAGATGTGTA-1,2,LYMPH,B_cell,HSC,DIF,0.234,0.382,0.078,0.306
AACTGGTAGCGTCTAT-1,1,EPI,Epithelial_cells,Mesangial cells,DIF,0.144,0.372,0.25,0.234
AACTGGTAGGGCTCTC-1,1,EPI,Epithelial_cells,Mesangial cells,DIF,0.102,0.584,0.224,0.09
AACTGGTAGGGTTCCC-1,2,LYMPH,T_cells,CD8+ T-cells,DIF,0.214,0.494,0.1,0.192
AACTGGTAGTAGCCGA-1,8,STROM,Smooth_muscle_cells,Mesangial cells,DIF,0.16,0.5,0.136,0.204
AACTGGTCATGGTCAT-1,8,STROM,Fibroblasts,Mesangial cells,DIF,0.114,0.44,0.22,0.226
AACTGGTGTACCATCA-1,7,LYMPH,T_cells,CD4+ T-cells,DIF,0.206,0.532,0.144,0.118
AACTGGTGTCAGGACA-1,4,EPI,Epithelial_cells,Erythrocytes,DIF,0.172,0.504,0.134,0.19
AACTGGTGTCCGAGTC-1,4,MYE,DC,Macrophages,DIF,0.136,0.558,0.15,0.156
AACTGGTGTTCCGTCT-1,1,EPI,Epithelial_cells,Mesangial cells,DIF,0.136,0.408,0.208,0.248
AACTGGTTCACCAGGC-1,12,LYMPH,Pre-B_cell_CD34-,B-cells,DIF,0.244,0.456,0.112,0.188
AACTGGTTCATGTAGC-1,2,LYMPH,T_cells,CD8+ T-cells,DIF,0.224,0.408,0.144,0.224
AACTGGTTCATGTCTT-1,5,NA,Astrocyte,Mesangial cells,DIF,0.138,0.506,0.23,0.126
AACTTTCAGAGTCTGG-1,1,STROM,Smooth_muscle_cells,Mesangial cells,PRO,0.116,0.18,0.448,0.256
AACTTTCAGCGATTCT-1,1,EPI,Epithelial_cells,Mesangial cells,DIF,0.272,0.402,0.162,0.164
AACTTTCAGTGTTAGA-1,1,EPI,Epithelial_cells,Mesangial cells,DIF,0.27,0.41,0.192,0.128
AACTTTCCAGCTGTGC-1,7,LYMPH,T_cells,CD8+ T-cells,DIF,0.192,0.508,0.178,0.122
AACTTTCGTACGCTGC-1,5,EPI,iPS_cells,Erythrocytes,DIF,0.192,0.446,0.266,0.096
AACTTTCGTCATGCCG-1,2,LYMPH,T_cells,HSC,DIF,0.166,0.502,0.172,0.16
AACTTTCGTCCGAATT-1,13,ENDO,Endothelial_cells,Endothelial cells,DIF,0.248,0.34,0.12,0.292
AACTTTCGTCGCGTGT-1,5,STROM,Smooth_muscle_cells,Adipocytes,DIF,0.136,0.532,0.222,0.11
AACTTTCGTCTTCAAG-1,1,EPI,iPS_cells,Mesangial cells,PRO,0.066,0.232,0.56,0.142
AACTTTCGTTACCAGT-1,9,EPI,iPS_cells,Mesangial cells,DIF,0.16,0.46,0.24,0.14
AACTTTCGTTCACCTC-1,2,LYMPH,T_cells,CD8+ T-cells,DIF,0.178,0.556,0.122,0.144
AACTTTCTCATGCTCC-1,2,LYMPH,T_cells,CD4+ T-cells,DIF,0.138,0.536,0.108,0.218
AACTTTCTCCACGTTC-1,4,LYMPH,Pro-B_cell_CD34+,HSC,DIF,0.244,0.474,0.126,0.156
AACTTTCTCCCAACGG-1,1,EPI,Neurons,Fibroblasts,PRO,0.14,0.374,0.316,0.17
AACTTTCTCTAAGCCA-1,4,MYE,T_cells,DC,DIF,0.148,0.504,0.202,0.146
AAGACCTAGCCCGAAA-1,1,LYMPH,Pro-B_cell_CD34+,HSC,DIF,0.198,0.286,0.292,0.224
AAGACCTAGGCGCTCT-1,10,LYMPH,T_cells,CD8+ T-cells,DIF,0.212,0.42,0.096,0.272
AAGACCTAGTCGTTTG-1,8,MYE,DC,Adipocytes,DIF,0.176,0.454,0.174,0.196
AAGACCTCAAGTACCT-1,5,EPI,Neurons,Erythrocytes,DIF,0.12,0.424,0.288,0.168
AAGACCTCACCGGAAA-1,10,LYMPH,T_cells,CD8+ T-cells,DIF,0.338,0.422,0.088,0.152
AAGACCTCAGAGTGTG-1,7,LYMPH,T_cells,CD8+ T-cells,DIF,0.226,0.452,0.178,0.144
AAGACCTCAGCCTTTC-1,4,ENDO,Endothelial_cells,Endothelial cells,DIF,0.142,0.528,0.216,0.114
AAGACCTGTAGAAGGA-1,5,EPI,Neurons,Erythrocytes,DIF,0.21,0.436,0.21,0.144
AAGACCTGTCTCCCTA-1,1,EPI,iPS_cells,Mesangial cells,PRO,0.102,0.372,0.28,0.246
AAGACCTGTGCAGACA-1,4,EPI,Epithelial_cells,Erythrocytes,DIF,0.154,0.462,0.122,0.262
AAGACCTGTGGTCCGT-1,1,EPI,iPS_cells,Erythrocytes,DIF,0.124,0.424,0.312,0.14
AAGACCTGTTCATGGT-1,4,EPI,Epithelial_cells,Mesangial cells,DIF,0.212,0.468,0.154,0.166
AAGACCTTCTCTAGGA-1,2,LYMPH,T_cells,CD8+ T-cells,DIF,0.154,0.528,0.148,0.17
AAGACCTTCTGCGGCA-1,1,EPI,Epithelial_cells,Mesangial cells,PRO,0.096,0.296,0.514,0.094
AAGACCTTCTTGTATC-1,9,EPI,Epithelial_cells,DC,DIF,0.152,0.584,0.162,0.102
AAGCCGCAGAAGGCCT-1,4,MYE,Pro-B_cell_CD34+,Erythrocytes,DIF,0.132,0.488,0.22,0.16
AAGCCGCAGCCTCGTG-1,7,LYMPH,T_cells,CD8+ T-cells,DIF,0.208,0.518,0.13,0.144
AAGCCGCAGGAGTTGC-1,4,ENDO,Endothelial_cells,Mesangial cells,DIF,0.152,0.544,0.162,0.142
AAGCCGCAGGCATGGT-1,11,MYE,Macrophage,Macrophages,DIF,0.222,0.462,0.094,0.222
AAGCCGCAGTAGATGT-1,3,MYE,Macrophage,Macrophages,IMR,0.43,0.262,0.064,0.244
AAGCCGCCACCAGTTA-1,5,EPI,Epithelial_cells,Mesangial cells,DIF,0.108,0.388,0.36,0.144
AAGCCGCCATGCCTAA-1,2,LYMPH,B_cell,B-cells,DIF,0.304,0.382,0.11,0.204
AAGCCGCCATGCCTTC-1,10,LYMPH,NK_cell,CD8+ T-cells,DIF,0.192,0.548,0.15,0.11
AAGCCGCGTAGCAAAT-1,7,LYMPH,T_cells,CD4+ T-cells,DIF,0.17,0.532,0.168,0.13
AAGCCGCGTCGAACAG-1,10,LYMPH,T_cells,CD8+ T-cells,DIF,0.208,0.492,0.094,0.206
AAGCCGCTCACCTCGT-1,1,EPI,Epithelial_cells,Mesangial cells,DIF,0.084,0.546,0.286,0.084
AAGCCGCTCACGAAGG-1,2,LYMPH,Pre-B_cell_CD34-,NK cells,DIF,0.146,0.498,0.12,0.236
AAGCCGCTCCCTTGTG-1,5,EPI,iPS_cells,Mesangial cells,DIF,0.118,0.394,0.268,0.22
AAGCCGCTCGGCGCTA-1,6,MYE,DC,HSC,DIF,0.178,0.476,0.178,0.168
AAGCCGCTCTACTTAC-1,3,MYE,Macrophage,Monocytes,IMR,0.692,0.244,0.032,0.032
AAGCCGCTCTGCCCTA-1,4,EPI,Epithelial_cells,Epithelial cells,DIF,0.142,0.508,0.192,0.158
AAGCCGCTCTGCTGTC-1,10,LYMPH,T_cells,CD8+ T-cells,DIF,0.268,0.434,0.084,0.214
AAGGAGCAGAAGGTGA-1,2,LYMPH,NK_cell,CD8+ T-cells,DIF,0.148,0.502,0.172,0.178
AAGGAGCAGTACGCCC-1,5,EPI,Epithelial_cells,Epithelial cells,DIF,0.102,0.57,0.184,0.144
AAGGAGCAGTCCGGTC-1,3,MYE,Macrophage,Macrophages,IMR,0.546,0.28,0.068,0.106
AAGGAGCCAAGACACG-1,4,LYMPH,B_cell,Adipocytes,DIF,0.144,0.502,0.194,0.16
AAGGAGCCAATAGAGT-1,2,LYMPH,T_cells,CD8+ T-cells,DIF,0.198,0.45,0.12,0.232
AAGGAGCCACCCATGG-1,5,EPI,Epithelial_cells,HSC,DIF,0.108,0.48,0.274,0.138
AAGGAGCGTCGCATAT-1,3,MYE,Macrophage,Macrophages,DIF,0.174,0.474,0.128,0.224
AAGGAGCGTCTTCAAG-1,7,LYMPH,T_cells,CD8+ T-cells,DIF,0.126,0.556,0.126,0.192
AAGGAGCGTGTATGGG-1,4,EPI,Neurons,Epithelial cells,DIF,0.128,0.516,0.162,0.194
AAGGAGCGTTGGTAAA-1,1,EPI,Epithelial_cells,Mesangial cells,PRO,0.132,0.19,0.424,0.254
AAGGAGCTCAACACAC-1,7,LYMPH,T_cells,CD8+ T-cells,DIF,0.244,0.492,0.114,0.15
AAGGAGCTCGCATGGC-1,3,MYE,Macrophage,Macrophages,IMR,0.34,0.326,0.126,0.208
AAGGCAGAGAGAGCTC-1,1,EPI,Epithelial_cells,Mesangial cells,DIF,0.148,0.5,0.18,0.172
AAGGCAGCAAGTTGTC-1,4,EPI,Epithelial_cells,Mesangial cells,DIF,0.106,0.584,0.19,0.12
AAGGCAGCATGATCCA-1,5,EPI,Epithelial_cells,Epithelial cells,DIF,0.196,0.428,0.244,0.132
AAGGCAGGTCAACTGT-1,9,EPI,Epithelial_cells,HSC,DIF,0.16,0.366,0.256,0.218
AAGGCAGGTCCTCCAT-1,12,MYE,DC,B-cells,DIF,0.312,0.426,0.168,0.094
AAGGCAGGTCTTGATG-1,10,LYMPH,T_cells,CD8+ T-cells,DIF,0.196,0.448,0.112,0.244
AAGGCAGGTGTGAAAT-1,8,MYE,Macrophage,Adipocytes,DIF,0.234,0.396,0.214,0.156
AAGGCAGTCAACTCTT-1,2,LYMPH,T_cells,CD8+ T-cells,DIF,0.15,0.534,0.158,0.158
AAGGCAGTCCCGACTT-1,1,STROM,Tissue_stem_cells,Mesangial cells,DIF,0.154,0.338,0.308,0.2
AAGGCAGTCCTCGCAT-1,4,MYE,CMP,DC,DIF,0.15,0.486,0.184,0.18
AAGGTTCAGAATTGTG-1,5,EPI,iPS_cells,Keratinocytes,DIF,0.13,0.554,0.224,0.092
AAGGTTCAGACTAAGT-1,1,EPI,Epithelial_cells,Mesangial cells,PRO,0.156,0.274,0.384,0.186
AAGGTTCAGATTACCC-1,1,EPI,Epithelial_cells,Mesangial cells,PRO,0.06,0.348,0.492,0.1
AAGGTTCAGCGTGAGT-1,5,LYMPH,CMP,HSC,DIF,0.128,0.552,0.188,0.132
AAGGTTCAGCTGGAAC-1,2,LYMPH,B_cell,B-cells,DIF,0.194,0.542,0.172,0.092
AAGGTTCAGGTGCACA-1,3,MYE,Macrophage,Macrophages,IMR,0.47,0.266,0.088,0.176
AAGGTTCAGTCAAGGC-1,7,LYMPH,T_cells,CD8+ T-cells,DIF,0.176,0.516,0.142,0.166
AAGGTTCAGTGGACGT-1,10,LYMPH,T_cells,CD8+ T-cells,DIF,0.35,0.37,0.076,0.204
AAGGTTCCAACGATGG-1,13,STROM,Fibroblasts,Adipocytes,MES,0.156,0.248,0.16,0.436
AAGGTTCCAATACGCT-1,10,LYMPH,T_cells,CD8+ T-cells,IMR,0.496,0.368,0.042,0.094
AAGGTTCCACAGACAG-1,2,LYMPH,T_cells,NK cells,DIF,0.16,0.422,0.236,0.182
AAGGTTCCATATGCTG-1,10,LYMPH,T_cells,CD8+ T-cells,DIF,0.208,0.454,0.09,0.248
AAGGTTCCATTAGCCA-1,1,EPI,iPS_cells,Mesangial cells,PRO,0.104,0.258,0.458,0.18
AAGGTTCCATTTCACT-1,12,LYMPH,B_cell,B-cells,DIF,0.196,0.552,0.132,0.12
AAGGTTCGTTGGTGGA-1,5,EPI,Epithelial_cells,Epithelial cells,DIF,0.112,0.466,0.302,0.12
AAGGTTCGTTTGTTGG-1,3,MYE,Macrophage,Macrophages,IMR,0.49,0.36,0.082,0.068
AAGGTTCTCAACACAC-1,10,LYMPH,T_cells,CD8+ T-cells,IMR,0.376,0.364,0.088,0.172
AAGGTTCTCACAGTAC-1,2,LYMPH,B_cell,B-cells,DIF,0.236,0.442,0.116,0.206
AAGGTTCTCATGTCCC-1,1,EPI,Epithelial_cells,Mesangial cells,DIF,0.218,0.438,0.16,0.184
AAGGTTCTCTGGCGTG-1,10,LYMPH,T_cells,CD8+ T-cells,DIF,0.216,0.484,0.134,0.166
AAGTCTGAGACCTAGG-1,4,EPI,Embryonic_stem_cells,Mesangial cells,DIF,0.098,0.566,0.242,0.094
AAGTCTGCATGACATC-1,3,MYE,Macrophage,Macrophages,IMR,0.25,0.316,0.15,0.284
AAGTCTGGTCCGCTGA-1,4,EPI,Neurons,Adipocytes,DIF,0.124,0.496,0.22,0.16
AAGTCTGGTCTTCAAG-1,1,EPI,Epithelial_cells,Mesangial cells,DIF,0.124,0.264,0.31,0.302
AAGTCTGTCACTTACT-1,7,LYMPH,T_cells,CD8+ T-cells,DIF,0.142,0.42,0.266,0.172
AAGTCTGTCAGCTGGC-1,1,EPI,Epithelial_cells,Mesangial cells,PRO,0.05,0.326,0.444,0.18
AAGTCTGTCTTACCTA-1,7,LYMPH,T_cells,CD8+ T-cells,DIF,0.328,0.46,0.064,0.148
AATCCAGAGATCCCGC-1,1,EPI,Epithelial_cells,Mesangial cells,DIF,0.09,0.712,0.126,0.072
AATCCAGAGCTGGAAC-1,13,STROM,Tissue_stem_cells,Adipocytes,MES,0.086,0.128,0.16,0.626
AATCCAGAGGCTAGGT-1,10,LYMPH,T_cells,CD8+ T-cells,DIF,0.154,0.504,0.184,0.158
AATCCAGCACACATGT-1,10,LYMPH,T_cells,CD8+ T-cells,DIF,0.164,0.458,0.222,0.156
AATCCAGCACGCGAAA-1,7,LYMPH,T_cells,CD4+ T-cells,DIF,0.24,0.372,0.086,0.302
AATCCAGTCGAATCCA-1,8,LYMPH,Astrocyte,HSC,DIF,0.136,0.394,0.322,0.148
AATCGGTAGCCGATTT-1,8,NA,Astrocyte,Skeletal muscle,DIF,0.14,0.468,0.196,0.196
AATCGGTAGGGAACGG-1,1,EPI,Epithelial_cells,Epithelial cells,DIF,0.148,0.306,0.262,0.284
AATCGGTAGGTAAACT-1,2,LYMPH,T_cells,CD4+ T-cells,DIF,0.166,0.432,0.214,0.188
AATCGGTAGGTGCTTT-1,10,LYMPH,T_cells,CD8+ T-cells,MES,0.254,0.336,0.104,0.306
AATCGGTAGTACGTAA-1,4,EPI,Epithelial_cells,Erythrocytes,DIF,0.136,0.528,0.148,0.188
AATCGGTCAAGAGTCG-1,12,LYMPH,Pro-B_cell_CD34+,B-cells,DIF,0.176,0.532,0.148,0.144
AATCGGTCATGAGCGA-1,3,MYE,Macrophage,Macrophages,IMR,0.518,0.336,0.042,0.104
AATCGGTGTATTACCG-1,8,STROM,Tissue_stem_cells,Adipocytes,DIF,0.14,0.512,0.136,0.212
AATCGGTGTCATATCG-1,3,MYE,Macrophage,Macrophages,IMR,0.706,0.174,0.022,0.098
AATCGGTGTCATATGC-1,1,EPI,Epithelial_cells,Mesangial cells,PRO,0.124,0.294,0.362,0.22
AATCGGTGTCCATGAT-1,10,LYMPH,T_cells,CD8+ T-cells,IMR,0.358,0.372,0.12,0.15
AATCGGTGTGCTCTTC-1,10,LYMPH,T_cells,CD8+ T-cells,DIF,0.202,0.324,0.166,0.308
AATCGGTGTTGTGGCC-1,1,EPI,Epithelial_cells,Mesangial cells,MES,0.182,0.29,0.204,0.324
AATCGGTTCATCATTC-1,10,LYMPH,T_cells,CD8+ T-cells,DIF,0.238,0.358,0.118,0.286
AATCGGTTCTCACATT-1,10,LYMPH,T_cells,CD8+ T-cells,DIF,0.268,0.366,0.108,0.258
AATCGGTTCTCTGTCG-1,5,EPI,Epithelial_cells,HSC,DIF,0.138,0.56,0.188,0.114
AATCGGTTCTTGTATC-1,6,LYMPH,Pro-Myelocyte,HSC,DIF,0.166,0.472,0.12,0.242
ACACCAAAGCAATCTC-1,5,EPI,Epithelial_cells,Epithelial cells,DIF,0.204,0.43,0.246,0.12
ACACCAAAGGTGATAT-1,3,MYE,Macrophage,Monocytes,DIF,0.23,0.49,0.152,0.128
ACACCAAAGGTGGGTT-1,6,LYMPH,B_cell,HSC,DIF,0.26,0.372,0.144,0.224
ACACCAACAAACCTAC-1,8,MYE,Pre-B_cell_CD34-,Macrophages,DIF,0.148,0.554,0.136,0.162
ACACCAACAATCCAAC-1,10,LYMPH,T_cells,CD8+ T-cells,IMR,0.428,0.294,0.118,0.16
ACACCAACACCGAAAG-1,1,EPI,Epithelial_cells,Mesangial cells,DIF,0.274,0.374,0.172,0.18
ACACCAAGTGATGTGG-1,2,LYMPH,T_cells,CD8+ T-cells,DIF,0.216,0.478,0.122,0.184
ACACCAAGTGGGTCAA-1,3,MYE,Macrophage,Macrophages,IMR,0.538,0.268,0.074,0.12
ACACCAAGTGGTTTCA-1,10,LYMPH,T_cells,CD8+ T-cells,DIF,0.156,0.6,0.136,0.108
ACACCAAGTTCGCGAC-1,4,EPI,Epithelial_cells,Epithelial cells,DIF,0.19,0.544,0.116,0.15
ACACCAATCAAACCAC-1,2,LYMPH,T_cells,CD4+ T-cells,DIF,0.218,0.46,0.136,0.186
ACACCAATCCACGACG-1,13,STROM,Fibroblasts,Fibroblasts,MES,0.11,0.124,0.12,0.646
ACACCAATCCCAGGTG-1,7,LYMPH,T_cells,CD8+ T-cells,DIF,0.184,0.582,0.118,0.116
ACACCAATCCGCAGTG-1,5,LYMPH,CMP,HSC,DIF,0.172,0.378,0.276,0.174
ACACCAATCTATCCCG-1,4,EPI,Epithelial_cells,Epithelial cells,DIF,0.112,0.592,0.216,0.08
ACACCAATCTCTGAGA-1,10,LYMPH,T_cells,CD8+ T-cells,DIF,0.292,0.322,0.216,0.17
ACACCAATCTTTCCTC-1,5,EPI,Embryonic_stem_cells,HSC,DIF,0.306,0.438,0.148,0.108
ACACCCTAGACTAAGT-1,1,EPI,Epithelial_cells,Mesangial cells,DIF,0.094,0.53,0.282,0.094
ACACCCTAGGTAGCCA-1,4,LYMPH,Fibroblasts,HSC,DIF,0.12,0.536,0.192,0.152
ACACCCTAGTCTCGGC-1,5,EPI,Epithelial_cells,Epithelial cells,DIF,0.132,0.582,0.152,0.134
ACACCCTCAAACTGTC-1,1,EPI,Epithelial_cells,Epithelial cells,DIF,0.196,0.606,0.122,0.076
ACACCCTCACCAGATT-1,1,EPI,Epithelial_cells,Mesangial cells,PRO,0.122,0.356,0.374,0.148
ACACCCTCACCCATTC-1,5,ENDO,Endothelial_cells,Mesangial cells,DIF,0.256,0.512,0.108,0.124
ACACCCTGTCATATGC-1,12,LYMPH,B_cell,B-cells,DIF,0.228,0.452,0.158,0.162
ACACCCTGTCGAGTTT-1,3,MYE,Macrophage,Macrophages,IMR,0.6,0.226,0.062,0.112
ACACCCTGTGCGCTTG-1,12,MYE,Monocyte,B-cells,DIF,0.27,0.39,0.144,0.196
ACACCCTGTGTGACGA-1,3,MYE,Monocyte,Monocytes,IMR,0.402,0.35,0.05,0.198
ACACCCTTCACCTTAT-1,1,EPI,Neurons,Mesangial cells,PRO,0.104,0.308,0.418,0.17
ACACCCTTCACTTATC-1,4,NA,CMP,B-cells,DIF,0.148,0.504,0.202,0.146
ACACCCTTCAGCCTAA-1,5,EPI,Epithelial_cells,Mesangial cells,DIF,0.156,0.408,0.316,0.12
ACACCCTTCGATAGAA-1,5,EPI,Epithelial_cells,Erythrocytes,DIF,0.12,0.582,0.208,0.09
ACACCCTTCTAACTGG-1,1,EPI,Epithelial_cells,Mesangial cells,DIF,0.082,0.502,0.294,0.122
ACACCGGAGCGTAATA-1,8,MYE,Macrophage,Macrophages,DIF,0.2,0.422,0.17,0.208
ACACCGGAGGCCCGTT-1,8,EPI,Neurons,Mesangial cells,DIF,0.112,0.548,0.234,0.106
ACACCGGCATTGCGGC-1,4,EPI,Neurons,Erythrocytes,DIF,0.152,0.49,0.212,0.146
ACACCGGGTCGAGTTT-1,1,EPI,Epithelial_cells,Mesangial cells,DIF,0.144,0.552,0.166,0.138
ACACCGGGTCTGGTCG-1,2,LYMPH,T_cells,CD8+ T-cells,DIF,0.132,0.582,0.134,0.152
ACACCGGGTGGCAAAC-1,1,EPI,Epithelial_cells,Mesangial cells,DIF,0.12,0.468,0.292,0.12
ACACCGGTCCCAAGAT-1,4,EPI,Epithelial_cells,HSC,DIF,0.114,0.572,0.176,0.138
ACACCGGTCTTCATGT-1,5,EPI,Epithelial_cells,Mesangial cells,DIF,0.118,0.63,0.122,0.13
ACACTGAAGACGCTTT-1,1,STROM,Tissue_stem_cells,Mesangial cells,PRO,0.134,0.326,0.33,0.21
ACACTGAAGATCGATA-1,1,EPI,Epithelial_cells,HSC,DIF,0.134,0.408,0.356,0.102
ACACTGAAGCACCGTC-1,1,EPI,Epithelial_cells,Mesangial cells,DIF,0.088,0.508,0.298,0.106
ACACTGAAGGCAAAGA-1,1,EPI,Epithelial_cells,Mesangial cells,PRO,0.118,0.338,0.382,0.162
ACACTGAAGGCATGGT-1,1,EPI,Epithelial_cells,Mesangial cells,DIF,0.092,0.326,0.418,0.164
ACACTGAAGGGCTTGA-1,4,EPI,Epithelial_cells,Erythrocytes,DIF,0.13,0.536,0.202,0.132
ACACTGAAGGTCATCT-1,2,LYMPH,T_cells,CD8+ T-cells,DIF,0.21,0.35,0.266,0.174
ACACTGAAGTGTCTCA-1,2,LYMPH,B_cell,B-cells,DIF,0.226,0.434,0.188,0.152
ACACTGACAAACAACA-1,1,EPI,Epithelial_cells,Mesangial cells,DIF,0.146,0.574,0.2,0.08
ACACTGACAAGCCGTC-1,10,LYMPH,T_cells,CD8+ T-cells,DIF,0.292,0.396,0.098,0.214
ACACTGACACCAGATT-1,4,EPI,Astrocyte,Epithelial cells,DIF,0.128,0.51,0.204,0.158
ACACTGACAGACGTAG-1,12,MYE,DC,Macrophages,DIF,0.122,0.576,0.174,0.128
ACACTGACATACTACG-1,1,EPI,Epithelial_cells,Mesangial cells,DIF,0.172,0.39,0.302,0.136
ACACTGAGTAAAGTCA-1,12,LYMPH,Pro-B_cell_CD34+,HSC,DIF,0.2,0.578,0.094,0.128
ACACTGAGTACCTACA-1,5,EPI,Epithelial_cells,Fibroblasts,DIF,0.118,0.5,0.246,0.136
ACACTGAGTATTCTCT-1,10,LYMPH,T_cells,CD8+ T-cells,DIF,0.258,0.492,0.098,0.152
ACACTGAGTCAAAGAT-1,5,EPI,Neurons,Erythrocytes,DIF,0.17,0.548,0.182,0.1
ACACTGAGTCGCGTGT-1,3,MYE,Macrophage,Macrophages,IMR,0.324,0.348,0.114,0.214
ACACTGATCAGGTAAA-1,12,LYMPH,B_cell,B-cells,DIF,0.284,0.356,0.18,0.18
ACACTGATCTGCGGCA-1,7,LYMPH,T_cells,CD4+ T-cells,DIF,0.146,0.482,0.19,0.182
ACAGCCGAGATAGGAG-1,4,EPI,Epithelial_cells,Mesangial cells,DIF,0.156,0.446,0.246,0.152
ACAGCCGAGATATGGT-1,7,LYMPH,T_cells,CD8+ T-cells,DIF,0.204,0.432,0.172,0.192
ACAGCCGAGATGAGAG-1,11,MYE,Macrophage,Macrophages,DIF,0.2,0.436,0.224,0.14
ACAGCCGAGCGGATCA-1,1,MYE,Macrophage,Mesangial cells,DIF,0.186,0.37,0.222,0.222
ACAGCCGAGGGAACGG-1,10,LYMPH,T_cells,CD8+ T-cells,DIF,0.234,0.492,0.146,0.128
ACAGCCGAGTGGAGAA-1,10,LYMPH,T_cells,CD8+ T-cells,DIF,0.16,0.608,0.126,0.106
ACAGCCGCAGTGACAG-1,5,EPI,Neurons,Mesangial cells,DIF,0.128,0.482,0.324,0.066
ACAGCCGCATCACCCT-1,5,EPI,Epithelial_cells,HSC,DIF,0.162,0.438,0.27,0.13
ACAGCCGTCGCTTAGA-1,1,EPI,iPS_cells,Epithelial cells,PRO,0.128,0.3,0.432,0.14
ACAGCCGTCTGCGGCA-1,1,EPI,Epithelial_cells,Erythrocytes,DIF,0.164,0.394,0.168,0.274
ACAGCTAAGCGATCCC-1,2,LYMPH,T_cells,CD8+ T-cells,DIF,0.284,0.532,0.07,0.114
ACAGCTAAGGAATCGC-1,1,EPI,Epithelial_cells,Epithelial cells,DIF,0.098,0.484,0.268,0.15
ACAGCTAAGGTGCACA-1,4,MYE,Macrophage,Macrophages,DIF,0.174,0.414,0.28,0.132
ACAGCTACAAACTGCT-1,4,EPI,Epithelial_cells,Mesangial cells,DIF,0.142,0.48,0.23,0.148
ACAGCTACAGCGTCCA-1,7,LYMPH,T_cells,CD8+ T-cells,DIF,0.218,0.428,0.162,0.192
ACAGCTACAGCTGCAC-1,1,EPI,Epithelial_cells,Mesangial cells,PRO,0.056,0.212,0.678,0.054
ACAGCTACATGTAAGA-1,12,LYMPH,B_cell,B-cells,DIF,0.304,0.454,0.104,0.138
ACAGCTAGTTACGTCA-1,10,LYMPH,T_cells,CD8+ T-cells,DIF,0.23,0.416,0.084,0.27
ACAGCTAGTTTCCACC-1,3,MYE,Monocyte,Monocytes,IMR,0.552,0.178,0.048,0.222
ACAGCTATCAAACCGT-1,2,LYMPH,T_cells,CD4+ T-cells,DIF,0.162,0.456,0.19,0.192
ACAGCTATCAATAAGG-1,1,EPI,Epithelial_cells,Mesangial cells,DIF,0.22,0.322,0.22,0.238
ACAGCTATCCTCAACC-1,7,LYMPH,T_cells,CD8+ T-cells,DIF,0.336,0.418,0.094,0.152
ACAGCTATCGGTGTCG-1,1,STROM,Fibroblasts,Mesangial cells,PRO,0.078,0.294,0.448,0.18
ACAGCTATCTTTACGT-1,1,EPI,iPS_cells,Mesangial cells,PRO,0.064,0.216,0.588,0.132
ACATACGAGCTGCCCA-1,1,EPI,iPS_cells,Mesangial cells,DIF,0.086,0.39,0.362,0.162
ACATACGAGTAATCCC-1,4,STROM,CMP,Adipocytes,DIF,0.116,0.454,0.326,0.104
ACATACGAGTATCTCG-1,1,EPI,Epithelial_cells,Mesangial cells,DIF,0.17,0.376,0.292,0.162
ACATACGCAGCGAACA-1,5,NA,CMP,Mesangial cells,DIF,0.152,0.492,0.196,0.16
ACATACGCAGTTTACG-1,12,LYMPH,Pre-B_cell_CD34-,B-cells,DIF,0.204,0.396,0.214,0.186
ACATACGCATGCCTTC-1,1,EPI,Neurons,Mesangial cells,DIF,0.128,0.286,0.36,0.226
ACATACGGTAAAGGAG-1,4,EPI,Epithelial_cells,Mesangial cells,DIF,0.216,0.426,0.196,0.162
ACATACGGTCCTCCAT-1,10,LYMPH,T_cells,CD8+ T-cells,DIF,0.272,0.404,0.154,0.17
ACATACGGTCTGCAAT-1,1,EPI,Epithelial_cells,Mesangial cells,DIF,0.172,0.486,0.23,0.112
ACATCAGAGAATTCCC-1,2,LYMPH,Pre-B_cell_CD34-,CD8+ T-cells,DIF,0.148,0.424,0.234,0.194
ACATCAGAGCACAGGT-1,7,LYMPH,T_cells,CD4+ T-cells,DIF,0.158,0.478,0.142,0.222
ACATCAGAGCTAACAA-1,6,LYMPH,B_cell,B-cells,DIF,0.154,0.452,0.194,0.2
ACATCAGAGTCGTTTG-1,9,EPI,Epithelial_cells,Epithelial cells,DIF,0.224,0.48,0.208,0.088
ACATCAGAGTCTCCTC-1,1,EPI,Epithelial_cells,Epithelial cells,DIF,0.136,0.432,0.202,0.23
ACATCAGAGTGCGTGA-1,7,LYMPH,T_cells,CD8+ T-cells,DIF,0.272,0.392,0.1,0.236
ACATCAGCAGTGGGAT-1,10,LYMPH,T_cells,CD8+ T-cells,DIF,0.19,0.496,0.126,0.188
ACATCAGCATACTACG-1,1,EPI,Epithelial_cells,Mesangial cells,PRO,0.114,0.254,0.358,0.274
ACATCAGCATGGTAGG-1,12,LYMPH,Pro-B_cell_CD34+,B-cells,DIF,0.214,0.452,0.188,0.146
ACATCAGGTCAGATAA-1,3,MYE,Macrophage,Macrophages,DIF,0.272,0.342,0.146,0.24
ACATCAGGTCGGCATC-1,1,EPI,Epithelial_cells,Epithelial cells,DIF,0.116,0.562,0.214,0.108
ACATCAGTCACAAACC-1,5,EPI,Epithelial_cells,Epithelial cells,DIF,0.126,0.526,0.264,0.084
ACATCAGTCCCAACGG-1,10,LYMPH,T_cells,CD8+ T-cells,DIF,0.128,0.522,0.176,0.174
ACATCAGTCCGCATCT-1,10,LYMPH,T_cells,CD8+ T-cells,DIF,0.2,0.452,0.13,0.218
ACATCAGTCTTGCATT-1,1,EPI,Epithelial_cells,Mesangial cells,DIF,0.204,0.322,0.266,0.208
ACATGGTAGGATATAC-1,3,MYE,Macrophage,Macrophages,IMR,0.456,0.336,0.106,0.102
ACATGGTCAATTGCTG-1,1,MYE,Macrophage,Mesangial cells,PRO,0.08,0.282,0.374,0.264
ACATGGTCACCAGATT-1,10,LYMPH,T_cells,CD8+ T-cells,DIF,0.172,0.472,0.172,0.184
ACATGGTCATTGGGCC-1,10,LYMPH,T_cells,CD8+ T-cells,IMR,0.384,0.394,0.076,0.146
ACATGGTGTCTTCAAG-1,12,LYMPH,T_cells,CD8+ T-cells,DIF,0.26,0.452,0.098,0.19
ACATGGTTCACTTCAT-1,7,LYMPH,T_cells,CD8+ T-cells,DIF,0.18,0.484,0.128,0.208
ACATGGTTCAGAGCTT-1,7,LYMPH,T_cells,CD8+ T-cells,DIF,0.216,0.482,0.192,0.11
ACATGGTTCAGTCCCT-1,11,MYE,Macrophage,Macrophages,DIF,0.228,0.462,0.098,0.212
ACATGGTTCGGAATCT-1,5,EPI,iPS_cells,Erythrocytes,DIF,0.15,0.39,0.216,0.244
ACATGGTTCGTTTATC-1,6,LYMPH,Pro-B_cell_CD34+,HSC,MES,0.222,0.326,0.156,0.296
ACATGGTTCTTGAGGT-1,1,EPI,Epithelial_cells,Mesangial cells,DIF,0.148,0.56,0.194,0.098
ACCAGTAAGAGTTGGC-1,5,EPI,Epithelial_cells,Mesangial cells,DIF,0.148,0.466,0.222,0.164
ACCAGTAAGCTTCGCG-1,1,EPI,Epithelial_cells,Epithelial cells,DIF,0.142,0.438,0.284,0.136
ACCAGTAAGTGTGAAT-1,11,MYE,Macrophage,Macrophages,DIF,0.208,0.452,0.124,0.216
ACCAGTACACGAAACG-1,1,EPI,Epithelial_cells,Mesangial cells,DIF,0.168,0.606,0.126,0.1
ACCAGTACAGATCGGA-1,7,LYMPH,T_cells,CD8+ T-cells,DIF,0.244,0.594,0.06,0.102
ACCAGTACATGACATC-1,7,LYMPH,T_cells,CD8+ T-cells,DIF,0.198,0.464,0.09,0.248
ACCAGTAGTATAGTAG-1,1,STROM,Fibroblasts,Mesangial cells,DIF,0.142,0.404,0.296,0.158
ACCAGTAGTGGACGAT-1,4,EPI,Neurons,Adipocytes,DIF,0.204,0.43,0.166,0.2
ACCAGTATCACTATTC-1,3,MYE,Macrophage,Macrophages,DIF,0.272,0.412,0.116,0.2
ACCAGTATCACTGGGC-1,1,EPI,Neurons,Mesangial cells,DIF,0.166,0.5,0.216,0.118
ACCAGTATCGGATGTT-1,1,EPI,Epithelial_cells,Mesangial cells,DIF,0.112,0.504,0.286,0.098
ACCAGTATCTCACATT-1,4,EPI,Epithelial_cells,Epithelial cells,DIF,0.098,0.494,0.278,0.13
ACCAGTATCTGTCTCG-1,2,LYMPH,T_cells,CD8+ T-cells,DIF,0.144,0.492,0.164,0.2
ACCCACTAGACCTAGG-1,4,EPI,Neurons,Adipocytes,DIF,0.138,0.476,0.144,0.242
ACCCACTAGATGAGAG-1,2,LYMPH,T_cells,CD8+ T-cells,DIF,0.262,0.506,0.094,0.138
ACCCACTAGCAATCTC-1,13,ENDO,Endothelial_cells,Endothelial cells,DIF,0.236,0.43,0.158,0.176
ACCCACTAGGATGTAT-1,7,LYMPH,T_cells,CD8+ T-cells,DIF,0.242,0.44,0.132,0.186
ACCCACTCACCCATGG-1,4,NA,HSC_CD34+,Skeletal muscle,DIF,0.164,0.522,0.144,0.17
ACCCACTCAGCAGTTT-1,10,LYMPH,T_cells,CD8+ T-cells,DIF,0.342,0.38,0.11,0.168
ACCCACTCATGTCTCC-1,1,EPI,Epithelial_cells,Epithelial cells,DIF,0.186,0.362,0.202,0.25
ACCCACTGTATGCTTG-1,7,LYMPH,T_cells,CD4+ T-cells,DIF,0.178,0.442,0.21,0.17
ACCCACTGTCAAGCGA-1,4,EPI,Epithelial_cells,Mesangial cells,DIF,0.136,0.62,0.106,0.138
ACCCACTGTCCGTGAC-1,7,LYMPH,T_cells,CD8+ T-cells,DIF,0.306,0.376,0.124,0.194
ACCCACTGTGATAAAC-1,5,EPI,Neurons,Mesangial cells,DIF,0.088,0.372,0.376,0.164
ACCCACTGTTAAGTAG-1,3,MYE,Macrophage,Monocytes,DIF,0.244,0.522,0.082,0.152
ACCCACTTCTACCTGC-1,2,LYMPH,T_cells,CD8+ T-cells,DIF,0.204,0.538,0.102,0.156
ACCGTAAAGACAGGCT-1,5,EPI,Epithelial_cells,Epithelial cells,DIF,0.148,0.514,0.256,0.082
ACCGTAAAGAGTACAT-1,1,EPI,Epithelial_cells,Mesangial cells,PRO,0.09,0.18,0.438,0.292
ACCGTAAAGCTCTCGG-1,5,EPI,Epithelial_cells,Epithelial cells,DIF,0.176,0.52,0.178,0.126
ACCGTAAAGTACGTTC-1,5,EPI,Epithelial_cells,Mesangial cells,DIF,0.112,0.498,0.344,0.046
ACCGTAAAGTTACGGG-1,7,LYMPH,T_cells,CD8+ T-cells,DIF,0.262,0.49,0.132,0.116
ACCGTAACAACAACCT-1,11,MYE,Macrophage,Macrophages,DIF,0.276,0.392,0.156,0.176
ACCGTAACACACAGAG-1,5,MYE,Macrophage,Adipocytes,DIF,0.216,0.402,0.186,0.196
ACCGTAACATGCAATC-1,7,LYMPH,T_cells,CD8+ T-cells,DIF,0.182,0.428,0.102,0.288
ACCGTAAGTACGCACC-1,1,EPI,Epithelial_cells,Epithelial cells,DIF,0.21,0.364,0.314,0.112
ACCGTAAGTACTTGAC-1,2,LYMPH,T_cells,CD4+ T-cells,DIF,0.172,0.508,0.098,0.222
ACCGTAAGTCCGTCAG-1,7,LYMPH,T_cells,CD8+ T-cells,IMR,0.532,0.274,0.066,0.128
ACCGTAAGTCGGCACT-1,1,EPI,Epithelial_cells,Mesangial cells,DIF,0.128,0.558,0.188,0.126
ACCGTAAGTGCACCAC-1,1,STROM,Fibroblasts,Mesangial cells,PRO,0.088,0.348,0.36,0.204
ACCGTAAGTTACGTCA-1,5,MYE,Endothelial_cells,Erythrocytes,DIF,0.13,0.566,0.204,0.1
ACCGTAATCACATAGC-1,4,LYMPH,B_cell,B-cells,DIF,0.126,0.432,0.184,0.258
ACCGTAATCCCTTGTG-1,5,EPI,Neuroepithelial_cell,Mesangial cells,DIF,0.212,0.434,0.17,0.184
ACCGTAATCCGTACAA-1,5,EPI,Epithelial_cells,Epithelial cells,DIF,0.114,0.508,0.25,0.128
ACCGTAATCGTCACGG-1,5,EPI,Epithelial_cells,Epithelial cells,DIF,0.156,0.492,0.228,0.124
ACCTTTAAGACTAAGT-1,4,LYMPH,CMP,HSC,DIF,0.134,0.5,0.17,0.196
ACCTTTAAGCTAACAA-1,1,EPI,Epithelial_cells,Mesangial cells,DIF,0.104,0.598,0.178,0.12
ACCTTTAAGCTCTCGG-1,1,EPI,Epithelial_cells,Mesangial cells,DIF,0.088,0.652,0.168,0.092
ACCTTTAAGCTGGAAC-1,6,MYE,DC,Macrophages,DIF,0.194,0.526,0.094,0.186
ACCTTTAAGGGTGTGT-1,4,EPI,Epithelial_cells,DC,DIF,0.192,0.478,0.154,0.176
ACCTTTACAAGCTGAG-1,12,LYMPH,Pro-B_cell_CD34+,HSC,IMR,0.448,0.374,0.09,0.088
ACCTTTACACGAAGCA-1,8,STROM,Tissue_stem_cells,Mesangial cells,DIF,0.094,0.488,0.26,0.158
ACCTTTACAGGCAGTA-1,1,EPI,Epithelial_cells,Mesangial cells,DIF,0.346,0.422,0.146,0.086
ACCTTTACAGGCTCAC-1,1,EPI,Epithelial_cells,Adipocytes,DIF,0.08,0.442,0.278,0.2
ACCTTTACAGGCTGAA-1,3,MYE,Macrophage,Macrophages,IMR,0.466,0.28,0.052,0.202
ACCTTTACATGACGGA-1,10,LYMPH,T_cells,CD8+ T-cells,DIF,0.32,0.462,0.07,0.148
ACCTTTACATGCATGT-1,7,LYMPH,T_cells,CD8+ T-cells,DIF,0.238,0.364,0.124,0.274
ACCTTTAGTAAACGCG-1,4,LYMPH,Pro-B_cell_CD34+,B-cells,DIF,0.148,0.494,0.122,0.236
ACCTTTAGTAGGCATG-1,9,EPI,Epithelial_cells,Mesangial cells,DIF,0.226,0.418,0.236,0.12
ACCTTTAGTTACAGAA-1,5,EPI,iPS_cells,Erythrocytes,DIF,0.164,0.456,0.264,0.116
ACCTTTAGTTGGGACA-1,1,EPI,Epithelial_cells,Mesangial cells,DIF,0.092,0.466,0.31,0.132
ACCTTTAGTTTGCATG-1,2,LYMPH,T_cells,CD8+ T-cells,DIF,0.196,0.41,0.202,0.192
ACCTTTATCCATGAAC-1,1,EPI,Neurons,Mesangial cells,PRO,0.162,0.276,0.362,0.2
ACCTTTATCGACAGCC-1,1,EPI,iPS_cells,Mesangial cells,MES,0.196,0.2,0.27,0.334
ACGAGCCAGACTACAA-1,6,MYE,Macrophage,Macrophages,DIF,0.134,0.422,0.222,0.222
ACGAGCCAGCGGCTTC-1,3,MYE,Macrophage,Macrophages,DIF,0.336,0.328,0.118,0.218
ACGAGCCAGCTAACAA-1,7,LYMPH,T_cells,CD8+ T-cells,DIF,0.206,0.408,0.11,0.276
ACGAGCCAGGCCCTTG-1,13,STROM,Fibroblasts,Mesangial cells,MES,0.148,0.216,0.152,0.484
ACGAGCCCACCCTATC-1,1,EPI,Epithelial_cells,Mesangial cells,PRO,0.178,0.312,0.348,0.162
ACGAGCCCACGAAACG-1,4,EPI,Neurons,Mesangial cells,DIF,0.164,0.506,0.202,0.128
ACGAGCCCACGGTAGA-1,2,LYMPH,T_cells,CD4+ T-cells,DIF,0.156,0.458,0.114,0.272
