Barcode,Cluster,celltype,hpca.celltype,encode.celltype,subtype,IMR_consensus,DIF_consensus,PRO_consensus,MES_consensus
AAACCTGAGCGCTTAT-1,14,LYMPH,T_cells,CD8+ T-cells,DIF,0.146,0.522,0.212,0.12
AAACCTGAGGAGTTGC-1,7,LYMPH,T_cells,CD8+ T-cells,DIF,0.134,0.504,0.244,0.118
AAACCTGAGGTAAACT-1,2,LYMPH,T_cells,CD8+ T-cells,DIF,0.232,0.47,0.142,0.156
AAACCTGCAAGTCTGT-1,14,LYMPH,T_cells,CD8+ T-cells,DIF,0.084,0.592,0.256,0.068
AAACCTGCATGATCCA-1,5,LYMPH,Pro-B_cell_CD34+,B-cells,DIF,0.114,0.558,0.228,0.1
AAACCTGGTTAGAACA-1,8,EPI,Keratinocytes,Epithelial cells,DIF,0.08,0.424,0.414,0.082
AAACCTGGTTGGTGGA-1,5,LYMPH,B_cell,B-cells,DIF,0.164,0.42,0.238,0.178
AAACCTGTCAATCTCT-1,2,LYMPH,T_cells,CD8+ T-cells,DIF,0.13,0.674,0.114,0.082
AAACCTGTCACCGTAA-1,1,MYE,Monocyte,Monocytes,DIF,0.206,0.49,0.148,0.156
AAACGGGAGAGGTACC-1,3,LYMPH,T_cells,CD8+ T-cells,DIF,0.18,0.494,0.212,0.114
AAACGGGAGCAACGGT-1,7,LYMPH,T_cells,CD4+ T-cells,DIF,0.126,0.494,0.224,0.156
AAACGGGAGCTAGCCC-1,2,LYMPH,NK_cell,NK cells,DIF,0.282,0.508,0.134,0.076
AAACGGGAGTCTTGCA-1,2,LYMPH,NK_cell,NK cells,DIF,0.14,0.412,0.306,0.142
AAACGGGCAAGCCGTC-1,5,LYMPH,B_cell,B-cells,DIF,0.11,0.526,0.26,0.104
AAACGGGCAAGTTAAG-1,14,LYMPH,T_cells,CD4+ T-cells,DIF,0.136,0.526,0.224,0.114
AAACGGGCATGCCCGA-1,2,LYMPH,T_cells,CD8+ T-cells,DIF,0.198,0.426,0.196,0.18
AAACGGGGTAATAGCA-1,2,LYMPH,T_cells,CD8+ T-cells,DIF,0.084,0.538,0.28,0.098
AAACGGGGTCGTCTTC-1,2,LYMPH,T_cells,CD8+ T-cells,DIF,0.092,0.62,0.202,0.086
AAACGGGTCAACACCA-1,2,LYMPH,T_cells,CD8+ T-cells,DIF,0.08,0.63,0.208,0.082
AAACGGGTCCCAAGAT-1,5,LYMPH,B_cell,B-cells,DIF,0.114,0.558,0.228,0.1
AAAGATGAGGGAAACA-1,2,LYMPH,T_cells,CD8+ T-cells,DIF,0.086,0.52,0.328,0.066
AAAGATGCACAGCCCA-1,4,MYE,Macrophage,Monocytes,DIF,0.292,0.432,0.17,0.106
AAAGATGGTACAGTGG-1,2,LYMPH,T_cells,CD8+ T-cells,DIF,0.102,0.47,0.296,0.132
AAAGATGGTTCGTCTC-1,1,MYE,Monocyte,Monocytes,DIF,0.338,0.442,0.092,0.128
AAAGATGTCAAGATCC-1,13,STROM,Tissue_stem_cells,Fibroblasts,PRO,0.076,0.184,0.432,0.308
AAAGATGTCTAACTCT-1,3,LYMPH,T_cells,CD4+ T-cells,DIF,0.2,0.576,0.146,0.078
AAAGATGTCTTGAGGT-1,1,MYE,Monocyte,Macrophages,IMR,0.764,0.158,0.03,0.048
AAAGCAACATGCCTAA-1,1,MYE,Monocyte,Macrophages,IMR,0.358,0.378,0.082,0.182
AAAGCAAGTGCACCAC-1,2,LYMPH,T_cells,CD8+ T-cells,DIF,0.106,0.576,0.21,0.108
AAAGCAATCCAACCAA-1,2,LYMPH,T_cells,CD8+ T-cells,DIF,0.112,0.55,0.24,0.098
AAAGCAATCCATTCTA-1,14,LYMPH,T_cells,CD4+ T-cells,DIF,0.106,0.49,0.29,0.114
AAAGCAATCCTTTCGG-1,2,LYMPH,NK_cell,NK cells,DIF,0.172,0.492,0.166,0.17
AAAGCAATCTGAGGGA-1,13,STROM,Tissue_stem_cells,Fibroblasts,MES,0.124,0.278,0.278,0.32
AAAGTAGAGACGCACA-1,1,MYE,Monocyte,Monocytes,DIF,0.28,0.306,0.232,0.182
AAAGTAGAGAGACTAT-1,9,LYMPH,B_cell,B-cells,DIF,0.08,0.662,0.192,0.066
AAAGTAGAGATGCCTT-1,2,LYMPH,T_cells,CD8+ T-cells,DIF,0.104,0.656,0.16,0.08
AAAGTAGAGCACCGCT-1,1,MYE,Monocyte,Monocytes,IMR,0.446,0.346,0.06,0.148
AAAGTAGCAGGAATCG-1,4,MYE,Monocyte,Monocytes,DIF,0.194,0.384,0.182,0.24
AAAGTAGGTCTGCCAG-1,15,EPI,Epithelial_cells,Epithelial cells,DIF,0.046,0.786,0.13,0.038
AAAGTAGGTGTTCTTT-1,1,MYE,Monocyte,Monocytes,DIF,0.258,0.438,0.166,0.138
AAAGTAGGTTATCCGA-1,4,MYE,Macrophage,Macrophages,IMR,0.644,0.236,0.062,0.058
AAAGTAGTCCAAAGTC-1,2,LYMPH,T_cells,CD8+ T-cells,DIF,0.224,0.436,0.166,0.174
AAAGTAGTCGACAGCC-1,2,LYMPH,T_cells,CD8+ T-cells,DIF,0.118,0.504,0.26,0.118
AAAGTAGTCGTTGCCT-1,6,STROM,Tissue_stem_cells,Fibroblasts,MES,0.108,0.268,0.21,0.414
AAAGTAGTCTATCCCG-1,1,MYE,Monocyte,Monocytes,IMR,0.504,0.254,0.082,0.16
AAAGTAGTCTCTGTCG-1,1,MYE,Macrophage,Macrophages,DIF,0.438,0.39,0.076,0.096
AAAGTAGTCTGCAAGT-1,2,LYMPH,T_cells,CD8+ T-cells,DIF,0.162,0.422,0.252,0.164
AAATGCCAGAACAATC-1,12,LYMPH,B_cell,B-cells,DIF,0.1,0.67,0.164,0.066
AAATGCCAGAGAACAG-1,7,LYMPH,T_cells,CD8+ T-cells,DIF,0.158,0.482,0.23,0.13
AAATGCCAGCTACCGC-1,2,LYMPH,T_cells,CD8+ T-cells,DIF,0.16,0.516,0.164,0.16
AAATGCCAGGAGCGTT-1,2,LYMPH,T_cells,CD8+ T-cells,DIF,0.164,0.438,0.242,0.156
AAATGCCCACCAGTTA-1,8,EPI,Epithelial_cells,Epithelial cells,PRO,0.086,0.474,0.358,0.082
AAATGCCCAGACGCTC-1,14,LYMPH,T_cells,CD8+ T-cells,DIF,0.07,0.594,0.274,0.062
AAATGCCGTATAGGTA-1,1,MYE,Macrophage,Monocytes,DIF,0.186,0.44,0.23,0.144
AAATGCCTCAACACGT-1,7,LYMPH,T_cells,CD8+ T-cells,DIF,0.168,0.428,0.21,0.194
AAATGCCTCGTCACGG-1,2,LYMPH,T_cells,CD8+ T-cells,DIF,0.118,0.648,0.134,0.1
AACACGTAGAGCTGCA-1,12,LYMPH,B_cell,B-cells,DIF,0.174,0.404,0.348,0.074
AACACGTAGCAACGGT-1,6,STROM,Fibroblasts,Fibroblasts,MES,0.148,0.322,0.188,0.342
AACACGTCAAATACAG-1,1,MYE,Macrophage,Monocytes,IMR,0.416,0.348,0.074,0.162
AACACGTCACATCTTT-1,4,MYE,Macrophage,Monocytes,DIF,0.21,0.342,0.232,0.216
AACACGTCATCGGACC-1,5,LYMPH,B_cell,B-cells,DIF,0.14,0.566,0.188,0.106
AACACGTGTTTGACAC-1,2,LYMPH,T_cells,CD8+ T-cells,DIF,0.166,0.536,0.178,0.12
AACACGTTCAACACTG-1,3,LYMPH,T_cells,NK cells,DIF,0.104,0.526,0.262,0.108
AACACGTTCGCCGTGA-1,7,LYMPH,T_cells,CD4+ T-cells,DIF,0.08,0.574,0.26,0.086
AACACGTTCTCGAGTA-1,2,LYMPH,T_cells,CD4+ T-cells,DIF,0.114,0.508,0.232,0.146
AACCATGAGCTCCTTC-1,7,LYMPH,T_cells,CD8+ T-cells,DIF,0.132,0.554,0.226,0.088
AACCATGGTATCACCA-1,9,LYMPH,B_cell,B-cells,DIF,0.14,0.458,0.264,0.138
AACCATGGTGCGATAG-1,2,LYMPH,T_cells,CD8+ T-cells,DIF,0.106,0.52,0.266,0.108
AACCATGGTGTTCGAT-1,12,LYMPH,B_cell,B-cells,DIF,0.088,0.546,0.266,0.1
AACCATGGTTCAGTAC-1,1,MYE,Macrophage,Macrophages,IMR,0.666,0.232,0.046,0.056
AACCATGTCCACGCAG-1,1,MYE,Monocyte,Monocytes,IMR,0.472,0.31,0.108,0.11
AACCATGTCTGTCTCG-1,6,STROM,Tissue_stem_cells,Fibroblasts,MES,0.074,0.108,0.298,0.52
AACCGCGAGGCTACGA-1,1,MYE,Macrophage,Monocytes,DIF,0.244,0.392,0.206,0.158
AACCGCGCAAGCCGCT-1,2,LYMPH,T_cells,CD8+ T-cells,DIF,0.172,0.452,0.254,0.122
AACCGCGGTACCAGTT-1,1,MYE,Macrophage,Macrophages,PRO,0.228,0.276,0.262,0.234
AACCGCGGTCAATACC-1,12,LYMPH,B_cell,B-cells,DIF,0.12,0.542,0.202,0.136
AACCGCGTCCACGAAT-1,6,STROM,Chondrocytes,Fibroblasts,PRO,0.074,0.242,0.406,0.278
AACGTTGAGAGTGACC-1,2,LYMPH,T_cells,CD8+ T-cells,DIF,0.148,0.462,0.24,0.15
AACGTTGAGGTCGGAT-1,14,LYMPH,NK_cell,CD8+ T-cells,DIF,0.128,0.626,0.17,0.076
AACGTTGCACCCATGG-1,14,LYMPH,T_cells,CD8+ T-cells,DIF,0.112,0.568,0.232,0.088
AACGTTGCAGCTGCAC-1,12,LYMPH,B_cell,B-cells,DIF,0.062,0.58,0.268,0.09
AACGTTGCAGGTGCCT-1,4,MYE,Monocyte,Macrophages,DIF,0.292,0.33,0.206,0.172
AACGTTGCATGGGACA-1,2,LYMPH,T_cells,CD8+ T-cells,DIF,0.064,0.618,0.238,0.08
AACGTTGCATTAGGCT-1,5,LYMPH,B_cell,B-cells,DIF,0.114,0.566,0.216,0.104
AACGTTGGTCGCGTGT-1,2,LYMPH,T_cells,CD8+ T-cells,DIF,0.154,0.606,0.168,0.072
AACGTTGGTGCCTTGG-1,1,MYE,Macrophage,Macrophages,DIF,0.302,0.362,0.188,0.148
AACGTTGGTTAAAGTG-1,2,LYMPH,T_cells,NK cells,DIF,0.116,0.578,0.188,0.118
AACGTTGTCCGAACGC-1,1,MYE,Monocyte,Macrophages,IMR,0.706,0.196,0.038,0.06
AACTCAGAGAGGTTAT-1,14,LYMPH,T_cells,CD8+ T-cells,DIF,0.084,0.592,0.256,0.068
AACTCAGAGCAACGGT-1,12,LYMPH,B_cell,B-cells,DIF,0.076,0.526,0.3,0.098
AACTCAGAGGTGCACA-1,1,MYE,Macrophage,Macrophages,DIF,0.318,0.35,0.13,0.202
AACTCAGCACAGGAGT-1,6,STROM,Tissue_stem_cells,Fibroblasts,MES,0.072,0.138,0.224,0.566
AACTCAGCACCATCCT-1,2,LYMPH,T_cells,CD4+ T-cells,DIF,0.18,0.518,0.156,0.146
AACTCAGCACGACGAA-1,2,LYMPH,T_cells,CD8+ T-cells,DIF,0.094,0.562,0.226,0.118
AACTCAGCACTCTGTC-1,2,LYMPH,T_cells,CD8+ T-cells,DIF,0.152,0.538,0.158,0.152
AACTCAGCACTTCGAA-1,6,STROM,Smooth_muscle_cells,Fibroblasts,MES,0.056,0.108,0.35,0.486
AACTCAGCAGCATGAG-1,2,STROM,Tissue_stem_cells,Adipocytes,DIF,0.09,0.538,0.268,0.104
AACTCAGCAGCCTTTC-1,2,LYMPH,T_cells,CD8+ T-cells,DIF,0.124,0.558,0.216,0.102
AACTCAGGTCACCTAA-1,2,LYMPH,NK_cell,CD8+ T-cells,DIF,0.116,0.65,0.17,0.064
AACTCAGGTTTACTCT-1,4,MYE,Macrophage,Monocytes,DIF,0.2,0.49,0.218,0.092
AACTCAGTCAATCACG-1,4,MYE,Macrophage,Macrophages,DIF,0.206,0.466,0.16,0.168
AACTCAGTCATCGATG-1,3,LYMPH,T_cells,CD8+ T-cells,DIF,0.112,0.488,0.324,0.076
AACTCAGTCCTACAGA-1,1,MYE,Macrophage,Macrophages,DIF,0.342,0.412,0.074,0.172
AACTCCCAGACCGGAT-1,14,LYMPH,T_cells,CD8+ T-cells,DIF,0.092,0.668,0.176,0.064
AACTCCCAGTGTGGCA-1,7,LYMPH,T_cells,CD8+ T-cells,DIF,0.136,0.526,0.224,0.114
AACTCCCCATACTACG-1,12,LYMPH,B_cell,B-cells,DIF,0.13,0.552,0.192,0.126
AACTCCCGTTCAGGCC-1,2,LYMPH,T_cells,CD8+ T-cells,DIF,0.136,0.526,0.224,0.114
AACTCCCGTTCCACGG-1,2,LYMPH,T_cells,CD8+ T-cells,DIF,0.152,0.492,0.214,0.142
AACTCCCGTTCCACTC-1,2,LYMPH,T_cells,CD8+ T-cells,DIF,0.194,0.432,0.194,0.18
AACTCCCTCATATCGG-1,4,MYE,Monocyte,Monocytes,DIF,0.21,0.406,0.196,0.188
AACTCCCTCGAGCCCA-1,6,STROM,Fibroblasts,Fibroblasts,MES,0.114,0.302,0.246,0.338
AACTCCCTCGTTTATC-1,2,LYMPH,T_cells,CD8+ T-cells,DIF,0.13,0.412,0.306,0.152
AACTCCCTCTGCCAGG-1,12,LYMPH,B_cell,B-cells,DIF,0.14,0.442,0.272,0.146
AACTCTTAGACTTGAA-1,2,LYMPH,NK_cell,CD8+ T-cells,DIF,0.076,0.666,0.202,0.056
AACTCTTAGATCTGAA-1,5,LYMPH,Pre-B_cell_CD34-,B-cells,DIF,0.104,0.642,0.188,0.066
AACTCTTAGCCCAATT-1,6,STROM,Tissue_stem_cells,Fibroblasts,MES,0.058,0.094,0.122,0.726
AACTCTTAGGGATCTG-1,3,LYMPH,T_cells,CD8+ T-cells,DIF,0.048,0.726,0.178,0.048
AACTCTTAGTTATCGC-1,8,EPI,Epithelial_cells,Erythrocytes,DIF,0.054,0.712,0.204,0.03
AACTCTTCAATGTTGC-1,7,LYMPH,T_cells,CD4+ T-cells,DIF,0.092,0.518,0.31,0.08
AACTCTTCACGAAAGC-1,13,STROM,Tissue_stem_cells,Adipocytes,DIF,0.1,0.478,0.212,0.21
AACTCTTCACTTCGAA-1,2,LYMPH,T_cells,CD8+ T-cells,DIF,0.086,0.53,0.254,0.13
AACTCTTCAGTGGGAT-1,7,LYMPH,T_cells,CD4+ T-cells,DIF,0.152,0.458,0.188,0.202
AACTCTTGTGCTTCTC-1,2,LYMPH,NK_cell,NK cells,DIF,0.064,0.616,0.244,0.076
AACTCTTTCAACGGCC-1,9,LYMPH,B_cell,B-cells,DIF,0.104,0.478,0.306,0.112
AACTCTTTCAATACCG-1,1,MYE,Monocyte,Monocytes,DIF,0.346,0.35,0.154,0.15
AACTCTTTCAGTCCCT-1,3,LYMPH,T_cells,CD8+ T-cells,DIF,0.144,0.582,0.18,0.094
AACTCTTTCTACTATC-1,5,LYMPH,B_cell,B-cells,DIF,0.094,0.502,0.3,0.104
AACTGGTAGACAGACC-1,2,LYMPH,T_cells,CD8+ T-cells,DIF,0.174,0.44,0.248,0.138
AACTGGTCACTTAAGC-1,3,LYMPH,T_cells,CD8+ T-cells,DIF,0.186,0.576,0.126,0.112
AACTGGTGTCCCTTGT-1,5,LYMPH,B_cell,B-cells,DIF,0.07,0.576,0.256,0.098
AACTGGTGTCCGAATT-1,7,LYMPH,T_cells,CD4+ T-cells,DIF,0.174,0.488,0.188,0.15
AACTGGTGTGCAACGA-1,10,ENDO,Endothelial_cells,Endothelial cells,DIF,0.104,0.622,0.154,0.12
AACTGGTTCACCCTCA-1,1,MYE,DC,Monocytes,DIF,0.34,0.47,0.112,0.078
AACTGGTTCGGCGCTA-1,12,LYMPH,B_cell,B-cells,DIF,0.106,0.556,0.262,0.076
AACTTTCAGAACTCGG-1,2,LYMPH,T_cells,CD8+ T-cells,DIF,0.088,0.546,0.266,0.1
AACTTTCAGAATGTTG-1,15,EPI,Epithelial_cells,Epithelial cells,DIF,0.058,0.568,0.336,0.038
AACTTTCAGATCGGGT-1,1,MYE,Macrophage,Macrophages,DIF,0.424,0.466,0.056,0.054
AACTTTCAGGGCTTGA-1,3,LYMPH,T_cells,CD8+ T-cells,DIF,0.14,0.514,0.196,0.15
AACTTTCAGTTTCCTT-1,2,LYMPH,T_cells,CD8+ T-cells,DIF,0.108,0.654,0.16,0.078
AACTTTCCACATGACT-1,7,LYMPH,T_cells,CD4+ T-cells,DIF,0.178,0.448,0.214,0.16
AACTTTCCAGATCTGT-1,2,LYMPH,T_cells,CD8+ T-cells,DIF,0.084,0.506,0.322,0.088
AACTTTCCATGAAGTA-1,12,LYMPH,B_cell,B-cells,DIF,0.102,0.478,0.292,0.128
AACTTTCCATGGGACA-1,1,MYE,DC,Macrophages,DIF,0.244,0.318,0.216,0.222
AACTTTCGTAAACGCG-1,14,LYMPH,T_cells,CD4+ T-cells,DIF,0.144,0.574,0.164,0.118
AACTTTCGTACTTCTT-1,12,LYMPH,B_cell,B-cells,DIF,0.11,0.476,0.264,0.15
AACTTTCGTGTGAAAT-1,4,MYE,Macrophage,Monocytes,IMR,0.322,0.35,0.136,0.192
AACTTTCGTTACTGAC-1,2,LYMPH,T_cells,CD8+ T-cells,DIF,0.076,0.58,0.264,0.08
AACTTTCTCACGACTA-1,1,MYE,Macrophage,Monocytes,IMR,0.296,0.314,0.164,0.226
AACTTTCTCCCTAATT-1,2,STROM,Tissue_stem_cells,Mesangial cells,DIF,0.096,0.514,0.254,0.136
AACTTTCTCCGCATAA-1,1,MYE,Macrophage,Macrophages,DIF,0.338,0.402,0.134,0.126
AACTTTCTCTGCTGTC-1,6,STROM,Chondrocytes,Fibroblasts,DIF,0.094,0.448,0.292,0.166
AAGACCTAGCGATCCC-1,3,LYMPH,T_cells,CD8+ T-cells,DIF,0.18,0.54,0.184,0.096
AAGACCTAGCTAGTGG-1,15,EPI,Epithelial_cells,Epithelial cells,DIF,0.024,0.644,0.312,0.02
AAGACCTAGTGGGTTG-1,1,MYE,Monocyte,Monocytes,DIF,0.142,0.528,0.204,0.126
AAGACCTCAAGTTGTC-1,2,LYMPH,NK_cell,NK cells,DIF,0.128,0.542,0.22,0.11
AAGACCTCACGTCTCT-1,14,LYMPH,T_cells,CD4+ T-cells,DIF,0.106,0.604,0.19,0.1
AAGACCTGTGAGTATA-1,1,MYE,Monocyte,Monocytes,DIF,0.22,0.398,0.2,0.182
AAGACCTGTGCACCAC-1,6,STROM,Tissue_stem_cells,Fibroblasts,MES,0.082,0.128,0.328,0.462
AAGACCTGTGTGAAAT-1,2,LYMPH,NK_cell,NK cells,DIF,0.204,0.516,0.142,0.138
AAGACCTTCGGATGGA-1,15,EPI,Epithelial_cells,Epithelial cells,DIF,0.08,0.582,0.284,0.054
AAGCCGCAGACAGACC-1,14,LYMPH,T_cells,CD8+ T-cells,DIF,0.114,0.558,0.228,0.1
AAGCCGCAGGCATGGT-1,2,LYMPH,T_cells,CD8+ T-cells,DIF,0.158,0.452,0.296,0.094
AAGCCGCAGTACGTAA-1,1,MYE,Monocyte,Monocytes,DIF,0.236,0.498,0.138,0.128
AAGCCGCAGTGTGAAT-1,1,MYE,Monocyte,Monocytes,DIF,0.316,0.472,0.15,0.062
AAGCCGCCAGACGCAA-1,1,MYE,Macrophage,Macrophages,IMR,0.502,0.29,0.074,0.134
AAGCCGCCATGGATGG-1,3,LYMPH,T_cells,CD8+ T-cells,DIF,0.186,0.604,0.106,0.104
AAGCCGCCATTCCTCG-1,7,LYMPH,T_cells,CD4+ T-cells,DIF,0.174,0.464,0.198,0.164
AAGCCGCGTACAGCAG-1,6,STROM,Fibroblasts,Fibroblasts,MES,0.082,0.168,0.236,0.514
AAGCCGCGTACTCTCC-1,2,LYMPH,T_cells,CD8+ T-cells,DIF,0.092,0.462,0.316,0.13
AAGCCGCGTCCCTTGT-1,2,LYMPH,NK_cell,NK cells,DIF,0.15,0.512,0.208,0.13
AAGCCGCGTCTAGCGC-1,1,MYE,Macrophage,Monocytes,DIF,0.342,0.38,0.114,0.164
AAGCCGCGTGAGTATA-1,2,LYMPH,NK_cell,NK cells,DIF,0.128,0.526,0.258,0.088
AAGCCGCGTGATAAAC-1,2,LYMPH,T_cells,CD8+ T-cells,DIF,0.08,0.694,0.15,0.076
AAGCCGCGTTCTGAAC-1,15,EPI,Epithelial_cells,Epithelial cells,DIF,0.056,0.712,0.186,0.046
AAGCCGCTCATGCAAC-1,2,LYMPH,NK_cell,NK cells,DIF,0.192,0.498,0.194,0.116
AAGCCGCTCTGTTTGT-1,1,MYE,Monocyte,Macrophages,DIF,0.21,0.326,0.17,0.294
AAGGAGCAGGCACATG-1,1,MYE,Monocyte,Monocytes,DIF,0.364,0.494,0.078,0.064
AAGGAGCAGGGCACTA-1,4,MYE,Macrophage,Macrophages,DIF,0.224,0.43,0.202,0.144
AAGGAGCAGGTACTCT-1,15,EPI,Epithelial_cells,Epithelial cells,DIF,0.054,0.64,0.246,0.06
AAGGAGCCAAGGTGTG-1,1,MYE,Macrophage,Monocytes,DIF,0.262,0.368,0.188,0.182
AAGGAGCCACATGGGA-1,2,LYMPH,T_cells,CD8+ T-cells,DIF,0.146,0.462,0.288,0.104
AAGGAGCCACCGATAT-1,2,LYMPH,T_cells,CD8+ T-cells,DIF,0.136,0.626,0.162,0.076
AAGGAGCCAGCTGCTG-1,2,STROM,Tissue_stem_cells,Fibroblasts,PRO,0.094,0.322,0.316,0.268
AAGGAGCCATGTAAGA-1,3,LYMPH,T_cells,CD8+ T-cells,DIF,0.09,0.584,0.214,0.112
AAGGAGCCATTCTCAT-1,10,ENDO,Endothelial_cells,Endothelial cells,PRO,0.106,0.312,0.376,0.206
AAGGAGCGTCAGTGGA-1,9,LYMPH,B_cell,B-cells,DIF,0.09,0.54,0.286,0.084
AAGGAGCGTCTTTCAT-1,2,LYMPH,T_cells,CD8+ T-cells,DIF,0.076,0.58,0.264,0.08
AAGGAGCGTGATAAGT-1,3,LYMPH,T_cells,CD8+ T-cells,DIF,0.148,0.446,0.286,0.12
AAGGAGCGTGTGAAAT-1,5,LYMPH,B_cell,B-cells,DIF,0.106,0.556,0.262,0.076
AAGGAGCGTTTAAGCC-1,3,LYMPH,T_cells,NK cells,DIF,0.136,0.544,0.204,0.116
AAGGAGCTCCGAAGAG-1,2,LYMPH,T_cells,CD4+ T-cells,DIF,0.114,0.558,0.228,0.1
AAGGAGCTCGCTTAGA-1,14,LYMPH,NK_cell,CD8+ T-cells,DIF,0.098,0.572,0.232,0.098
AAGGCAGAGAGGTAGA-1,4,MYE,Macrophage,Monocytes,DIF,0.174,0.41,0.216,0.2
AAGGCAGAGCAGGTCA-1,6,STROM,Fibroblasts,Fibroblasts,MES,0.06,0.126,0.214,0.6
AAGGCAGCATCCCATC-1,1,MYE,Pre-B_cell_CD34-,Monocytes,DIF,0.256,0.462,0.162,0.12
AAGGCAGGTAAGTTCC-1,9,LYMPH,B_cell,B-cells,DIF,0.102,0.674,0.16,0.064
AAGGCAGGTAGTAGTA-1,4,MYE,Macrophage,Macrophages,DIF,0.314,0.45,0.062,0.174
AAGGCAGGTCCCGACA-1,2,LYMPH,T_cells,CD8+ T-cells,DIF,0.09,0.61,0.214,0.086
AAGGCAGGTCGCTTTC-1,2,LYMPH,T_cells,CD8+ T-cells,DIF,0.172,0.556,0.14,0.132
AAGGCAGGTGCACCAC-1,5,LYMPH,B_cell,B-cells,DIF,0.13,0.62,0.168,0.082
AAGGCAGGTTCCAACA-1,4,MYE,Macrophage,Monocytes,DIF,0.25,0.462,0.11,0.178
AAGGCAGTCAACACAC-1,1,MYE,Macrophage,Macrophages,DIF,0.278,0.344,0.144,0.234
AAGGCAGTCATAACCG-1,2,LYMPH,T_cells,CD8+ T-cells,DIF,0.082,0.602,0.206,0.11
AAGGCAGTCGGAAACG-1,7,LYMPH,T_cells,CD4+ T-cells,DIF,0.126,0.672,0.102,0.1
AAGGTTCAGACAAAGG-1,1,MYE,Monocyte,Monocytes,DIF,0.358,0.392,0.136,0.114
AAGGTTCAGGTGTGGT-1,2,LYMPH,T_cells,CD8+ T-cells,DIF,0.116,0.574,0.2,0.11
AAGGTTCAGTCAAGCG-1,12,LYMPH,B_cell,B-cells,DIF,0.126,0.494,0.272,0.108
AAGGTTCAGTCTCGGC-1,2,LYMPH,NK_cell,CD8+ T-cells,DIF,0.104,0.532,0.24,0.124
AAGGTTCCAATCTGCA-1,14,LYMPH,T_cells,CD8+ T-cells,DIF,0.146,0.466,0.25,0.138
AAGGTTCCATCCCATC-1,2,LYMPH,T_cells,CD8+ T-cells,DIF,0.138,0.548,0.186,0.128
AAGGTTCCATTCCTCG-1,7,LYMPH,T_cells,CD4+ T-cells,DIF,0.124,0.51,0.216,0.15
AAGGTTCCATTGGTAC-1,2,LYMPH,T_cells,CD8+ T-cells,DIF,0.23,0.46,0.158,0.152
AAGGTTCGTATGAATG-1,2,LYMPH,T_cells,CD8+ T-cells,DIF,0.146,0.506,0.258,0.09
AAGTCTGAGAGTCGGT-1,2,LYMPH,T_cells,CD8+ T-cells,DIF,0.21,0.458,0.208,0.124
AAGTCTGCAGACTCGC-1,2,LYMPH,T_cells,CD8+ T-cells,DIF,0.114,0.568,0.232,0.086
AAGTCTGCAGCGTTCG-1,1,MYE,Monocyte,Monocytes,DIF,0.362,0.41,0.07,0.158
AAGTCTGGTCCAAGTT-1,1,MYE,Macrophage,Macrophages,IMR,0.494,0.242,0.108,0.156
AAGTCTGGTGTCCTCT-1,6,STROM,Fibroblasts,Fibroblasts,PRO,0.074,0.222,0.392,0.312
AAGTCTGTCAAACAAG-1,11,MYE,Monocyte,Monocytes,DIF,0.21,0.43,0.19,0.17
AAGTCTGTCAGGTAAA-1,9,LYMPH,B_cell,B-cells,DIF,0.148,0.566,0.18,0.106
AAGTCTGTCAGTCAGT-1,12,LYMPH,B_cell,B-cells,DIF,0.082,0.608,0.226,0.084
AAGTCTGTCATGTAGC-1,15,EPI,Epithelial_cells,Epithelial cells,DIF,0.086,0.616,0.258,0.04
AAGTCTGTCTCATTCA-1,1,MYE,Monocyte,Monocytes,DIF,0.228,0.548,0.132,0.092
AATCCAGAGGACAGAA-1,3,LYMPH,T_cells,CD8+ T-cells,DIF,0.254,0.45,0.162,0.134
AATCCAGAGGCATGTG-1,12,LYMPH,B_cell,B-cells,DIF,0.096,0.596,0.196,0.112
AATCCAGAGTCTCAAC-1,2,LYMPH,T_cells,CD8+ T-cells,DIF,0.114,0.468,0.294,0.124
AATCCAGCACACGCTG-1,7,LYMPH,T_cells,CD4+ T-cells,DIF,0.1,0.656,0.182,0.062
AATCCAGTCACCAGGC-1,13,STROM,Smooth_muscle_cells,Adipocytes,DIF,0.074,0.536,0.286,0.104
AATCCAGTCCAGGGCT-1,14,LYMPH,T_cells,CD8+ T-cells,DIF,0.076,0.58,0.264,0.08
AATCCAGTCCTCCTAG-1,12,LYMPH,B_cell,B-cells,DIF,0.086,0.522,0.278,0.114
AATCCAGTCCTTTCTC-1,3,LYMPH,T_cells,CD8+ T-cells,DIF,0.24,0.404,0.222,0.134
AATCGGTAGCCCAACC-1,1,MYE,Macrophage,Macrophages,IMR,0.442,0.318,0.108,0.132
AATCGGTAGCTAAACA-1,1,MYE,Macrophage,Macrophages,DIF,0.296,0.404,0.158,0.142
AATCGGTAGGGTTCCC-1,2,LYMPH,T_cells,CD8+ T-cells,DIF,0.116,0.638,0.154,0.092
AATCGGTAGTTTAGGA-1,2,LYMPH,T_cells,CD8+ T-cells,DIF,0.086,0.504,0.342,0.068
AATCGGTCAACTGCTA-1,2,LYMPH,T_cells,CD4+ T-cells,DIF,0.086,0.6,0.21,0.104
AATCGGTCAGCTGTGC-1,4,MYE,Macrophage,Monocytes,DIF,0.146,0.612,0.128,0.114
AATCGGTGTACAGACG-1,3,LYMPH,T_cells,CD8+ T-cells,DIF,0.17,0.392,0.248,0.19
AATCGGTGTGATGCCC-1,2,LYMPH,T_cells,CD8+ T-cells,DIF,0.172,0.492,0.236,0.1
AATCGGTTCAAGGCTT-1,3,LYMPH,T_cells,CD8+ T-cells,DIF,0.058,0.498,0.384,0.06
AATCGGTTCACTGGGC-1,1,MYE,Macrophage,Macrophages,DIF,0.248,0.41,0.194,0.148
AATCGGTTCCAGTAGT-1,9,LYMPH,B_cell,B-cells,DIF,0.118,0.554,0.234,0.094
AATCGGTTCCCAAGAT-1,14,LYMPH,T_cells,CD8+ T-cells,DIF,0.092,0.476,0.374,0.058
AATCGGTTCGTAGATC-1,2,LYMPH,NK_cell,NK cells,DIF,0.174,0.56,0.146,0.12
AATCGGTTCGTTACAG-1,2,LYMPH,T_cells,CD8+ T-cells,DIF,0.16,0.494,0.22,0.126
AATCGGTTCTCCCTGA-1,7,LYMPH,T_cells,CD8+ T-cells,DIF,0.132,0.47,0.256,0.142
AATCGGTTCTTCTGGC-1,3,LYMPH,T_cells,CD8+ T-cells,DIF,0.126,0.526,0.226,0.122
ACACCAAAGAGGTAGA-1,7,LYMPH,T_cells,CD4+ T-cells,DIF,0.14,0.464,0.244,0.152
ACACCAAAGGAGTCTG-1,11,MYE,Monocyte,Monocytes,DIF,0.432,0.378,0.088,0.102
ACACCAAAGGTGTGGT-1,3,LYMPH,T_cells,CD8+ T-cells,DIF,0.118,0.46,0.3,0.122
ACACCAAAGTACGCCC-1,2,LYMPH,T_cells,CD8+ T-cells,DIF,0.11,0.566,0.234,0.09
ACACCAACAGCTGTGC-1,1,MYE,Monocyte,Monocytes,DIF,0.152,0.576,0.16,0.112
ACACCAACAGTATAAG-1,15,EPI,Epithelial_cells,Epithelial cells,DIF,0.046,0.702,0.224,0.028
ACACCAACATCACGAT-1,3,LYMPH,T_cells,CD8+ T-cells,DIF,0.18,0.336,0.334,0.15
ACACCAACATTCGACA-1,2,LYMPH,T_cells,CD8+ T-cells,DIF,0.192,0.432,0.182,0.194
ACACCAATCCGCGGTA-1,15,EPI,Epithelial_cells,Epithelial cells,DIF,0.036,0.59,0.294,0.08
ACACCAATCCTATTCA-1,2,LYMPH,NK_cell,CD8+ T-cells,DIF,0.254,0.406,0.188,0.152
ACACCAATCGTCTGCT-1,4,MYE,Macrophage,Monocytes,DIF,0.254,0.384,0.186,0.176
ACACCCTAGACCGGAT-1,2,LYMPH,T_cells,CD8+ T-cells,DIF,0.124,0.496,0.228,0.152
ACACCCTAGCTGCCCA-1,6,STROM,Smooth_muscle_cells,Adipocytes,PRO,0.094,0.276,0.362,0.268
ACACCCTAGTGTTTGC-1,1,MYE,Macrophage,Macrophages,DIF,0.238,0.416,0.146,0.2
ACACCCTCAAGACACG-1,14,LYMPH,T_cells,CD4+ T-cells,DIF,0.066,0.64,0.216,0.078
ACACCCTCAGCTGTTA-1,7,LYMPH,T_cells,CD8+ T-cells,DIF,0.168,0.416,0.22,0.196
ACACCCTCAGTGAGTG-1,7,LYMPH,NK_cell,CD8+ T-cells,DIF,0.204,0.362,0.2,0.234
ACACCCTCATTGGTAC-1,2,LYMPH,T_cells,CD8+ T-cells,DIF,0.064,0.578,0.284,0.074
ACACCCTGTGTCTGAT-1,5,LYMPH,B_cell,B-cells,DIF,0.122,0.55,0.232,0.096
ACACCCTGTTATTCTC-1,2,LYMPH,T_cells,CD8+ T-cells,DIF,0.136,0.544,0.198,0.122
ACACCCTTCGAATGCT-1,9,LYMPH,B_cell,B-cells,DIF,0.084,0.592,0.232,0.092
ACACCCTTCGCCTGTT-1,2,LYMPH,T_cells,CD8+ T-cells,DIF,0.152,0.404,0.26,0.184
ACACCCTTCGGCTTGG-1,6,STROM,Chondrocytes,Fibroblasts,DIF,0.108,0.466,0.294,0.132
ACACCCTTCTAACTTC-1,2,LYMPH,NK_cell,NK cells,DIF,0.076,0.628,0.182,0.114
ACACCGGAGAATTGTG-1,1,MYE,Monocyte,Monocytes,IMR,0.534,0.25,0.09,0.126
ACACCGGAGGACTGGT-1,6,STROM,Tissue_stem_cells,Fibroblasts,DIF,0.078,0.354,0.324,0.244
ACACCGGCAACGATGG-1,9,LYMPH,B_cell,B-cells,DIF,0.086,0.536,0.298,0.08
ACACCGGCACGGACAA-1,5,LYMPH,B_cell,B-cells,DIF,0.132,0.562,0.236,0.07
ACACCGGCATAAAGGT-1,1,MYE,Monocyte,Monocytes,DIF,0.148,0.678,0.088,0.086
ACACCGGTCAATCACG-1,3,LYMPH,T_cells,CD8+ T-cells,DIF,0.178,0.474,0.226,0.122
ACACCGGTCAGGTAAA-1,14,LYMPH,T_cells,CD4+ T-cells,DIF,0.138,0.51,0.198,0.154
ACACCGGTCGCCATAA-1,14,LYMPH,T_cells,CD4+ T-cells,DIF,0.076,0.58,0.264,0.08
ACACCGGTCGCGGATC-1,1,MYE,DC,Monocytes,DIF,0.294,0.522,0.098,0.086
ACACCGGTCGGTTAAC-1,2,LYMPH,T_cells,CD4+ T-cells,DIF,0.096,0.51,0.322,0.072
ACACTGAAGCGTGTCC-1,3,LYMPH,T_cells,CD8+ T-cells,DIF,0.208,0.452,0.184,0.156
ACACTGACAACACGCC-1,12,LYMPH,B_cell,B-cells,DIF,0.106,0.47,0.326,0.098
ACACTGACAGACAGGT-1,9,LYMPH,NK_cell,B-cells,DIF,0.116,0.446,0.276,0.162
ACACTGACAGATGGGT-1,3,LYMPH,T_cells,CD8+ T-cells,DIF,0.25,0.378,0.204,0.168
ACACTGAGTCCAGTGC-1,1,MYE,Macrophage,Macrophages,IMR,0.618,0.266,0.044,0.072
ACACTGAGTCGAATCT-1,6,STROM,Chondrocytes,Fibroblasts,PRO,0.112,0.248,0.354,0.286
ACACTGAGTTAAGTAG-1,2,LYMPH,T_cells,CD8+ T-cells,DIF,0.144,0.476,0.254,0.126
ACACTGATCATGTCTT-1,3,LYMPH,T_cells,CD8+ T-cells,DIF,0.156,0.462,0.27,0.112
ACACTGATCCAAACAC-1,9,LYMPH,B_cell,B-cells,DIF,0.062,0.606,0.262,0.07
ACAGCCGCACAAGTAA-1,6,STROM,Chondrocytes,Fibroblasts,MES,0.094,0.198,0.32,0.388
ACAGCCGCAGATAATG-1,4,MYE,Macrophage,Monocytes,DIF,0.266,0.392,0.17,0.172
ACAGCCGCAGGAACGT-1,4,MYE,Macrophage,Monocytes,DIF,0.232,0.374,0.162,0.232
ACAGCCGGTCATGCCG-1,8,EPI,Epithelial_cells,Epithelial cells,DIF,0.046,0.506,0.412,0.036
ACAGCCGTCACCCGAG-1,2,LYMPH,T_cells,CD8+ T-cells,DIF,0.134,0.532,0.218,0.116
ACAGCCGTCATCGGAT-1,1,MYE,Monocyte,Monocytes,DIF,0.12,0.646,0.164,0.07
ACAGCCGTCTTTAGTC-1,1,MYE,Macrophage,Macrophages,IMR,0.476,0.206,0.072,0.246
ACAGCTAAGAGGGATA-1,1,MYE,Monocyte,Monocytes,DIF,0.22,0.348,0.182,0.25
ACAGCTAAGGTCGGAT-1,14,LYMPH,T_cells,CD8+ T-cells,DIF,0.126,0.55,0.196,0.128
ACAGCTAAGTTTCCTT-1,2,LYMPH,T_cells,CD8+ T-cells,DIF,0.182,0.554,0.158,0.106
ACAGCTACAATGAAAC-1,1,MYE,Macrophage,Monocytes,DIF,0.292,0.46,0.088,0.16
ACAGCTACAGGTGCCT-1,1,MYE,Monocyte,Monocytes,IMR,0.438,0.31,0.11,0.142
ACAGCTACATGGTCAT-1,6,STROM,Smooth_muscle_cells,Fibroblasts,DIF,0.09,0.404,0.306,0.2
ACAGCTACATTGGGCC-1,1,MYE,Pre-B_cell_CD34-,Monocytes,IMR,0.35,0.34,0.172,0.138
ACAGCTAGTAGAGGAA-1,4,MYE,Macrophage,Monocytes,DIF,0.21,0.374,0.2,0.216
ACAGCTAGTCCGAGTC-1,7,LYMPH,T_cells,CD8+ T-cells,DIF,0.15,0.576,0.18,0.094
ACAGCTATCCCGACTT-1,2,LYMPH,T_cells,CD8+ T-cells,DIF,0.144,0.516,0.224,0.116
ACAGCTATCCGTAGTA-1,4,MYE,Macrophage,Monocytes,DIF,0.186,0.492,0.174,0.148
ACATACGAGAACTCGG-1,1,MYE,DC,Monocytes,DIF,0.146,0.614,0.178,0.062
ACATACGAGAAGGTTT-1,5,LYMPH,B_cell,B-cells,DIF,0.104,0.516,0.312,0.068
ACATACGAGTTCCACA-1,3,LYMPH,T_cells,CD8+ T-cells,DIF,0.088,0.524,0.298,0.09
ACATACGCAGGGTTAG-1,2,LYMPH,T_cells,CD8+ T-cells,DIF,0.174,0.488,0.2,0.138
ACATACGCAGTACACT-1,7,LYMPH,T_cells,CD8+ T-cells,DIF,0.116,0.446,0.276,0.162
ACATACGCAGTTCCCT-1,10,ENDO,Endothelial_cells,Endothelial cells,DIF,0.106,0.332,0.28,0.282
ACATACGCATGACATC-1,14,LYMPH,T_cells,CD8+ T-cells,DIF,0.092,0.6,0.206,0.102
ACATACGGTAGGCTGA-1,4,MYE,Macrophage,Macrophages,DIF,0.242,0.39,0.152,0.216
ACATACGTCGGCCGAT-1,4,MYE,Macrophage,Macrophages,IMR,0.402,0.368,0.068,0.162
ACATCAGAGCGTGAAC-1,9,LYMPH,B_cell,B-cells,DIF,0.144,0.468,0.246,0.142
ACATCAGCAATCACAC-1,2,LYMPH,NK_cell,CD8+ T-cells,DIF,0.074,0.56,0.26,0.106
ACATCAGCAATCCAAC-1,7,LYMPH,T_cells,CD4+ T-cells,DIF,0.126,0.528,0.254,0.092
ACATCAGCAGTAAGCG-1,1,MYE,Monocyte,Monocytes,IMR,0.696,0.182,0.036,0.086
ACATCAGCATCTATGG-1,10,ENDO,Endothelial_cells,Endothelial cells,DIF,0.07,0.664,0.19,0.076
ACATCAGGTACCGAGA-1,1,MYE,Macrophage,Macrophages,DIF,0.198,0.404,0.208,0.19
ACATCAGGTCGCGTGT-1,2,LYMPH,NK_cell,NK cells,DIF,0.138,0.602,0.16,0.1
ACATCAGGTGAAGGCT-1,3,LYMPH,T_cells,CD8+ T-cells,DIF,0.092,0.666,0.188,0.054
ACATCAGGTGCTTCTC-1,10,ENDO,Endothelial_cells,Endothelial cells,DIF,0.074,0.53,0.3,0.096
ACATCAGGTTTCCACC-1,1,MYE,Macrophage,Macrophages,IMR,0.628,0.264,0.042,0.066
ACATGGTAGACTTTCG-1,2,LYMPH,T_cells,CD8+ T-cells,DIF,0.09,0.62,0.202,0.088
ACATGGTAGATGTGTA-1,10,ENDO,Endothelial_cells,Endothelial cells,DIF,0.082,0.514,0.282,0.122
ACATGGTAGGATGTAT-1,9,LYMPH,B_cell,B-cells,DIF,0.18,0.42,0.198,0.202
ACATGGTAGTACGCGA-1,2,LYMPH,T_cells,CD8+ T-cells,DIF,0.184,0.542,0.166,0.108
ACATGGTAGTGAATTG-1,15,EPI,Epithelial_cells,Epithelial cells,DIF,0.086,0.756,0.112,0.046
ACATGGTAGTGTGGCA-1,15,EPI,Epithelial_cells,Epithelial cells,DIF,0.038,0.74,0.184,0.038
ACATGGTCAAACGTGG-1,2,LYMPH,T_cells,CD8+ T-cells,DIF,0.116,0.578,0.188,0.118
ACATGGTCAATGGACG-1,13,STROM,Tissue_stem_cells,Adipocytes,DIF,0.18,0.292,0.29,0.238
ACATGGTGTCCGTTAA-1,2,LYMPH,T_cells,CD8+ T-cells,DIF,0.156,0.476,0.25,0.118
ACATGGTTCCCGACTT-1,7,LYMPH,T_cells,CD4+ T-cells,DIF,0.14,0.57,0.19,0.1
ACATGGTTCTTAACCT-1,3,LYMPH,T_cells,CD8+ T-cells,DIF,0.09,0.584,0.214,0.112
ACCAGTAAGAAGGACA-1,10,ENDO,Endothelial_cells,Adipocytes,DIF,0.068,0.598,0.256,0.078
ACCAGTAAGAATCTCC-1,5,LYMPH,B_cell,B-cells,DIF,0.15,0.508,0.204,0.138
ACCAGTAAGCAGGTCA-1,2,LYMPH,T_cells,CD8+ T-cells,DIF,0.204,0.426,0.204,0.166
ACCAGTAAGGATATAC-1,1,MYE,Macrophage,Macrophages,DIF,0.232,0.426,0.184,0.158
ACCAGTAAGTGAAGTT-1,8,EPI,Epithelial_cells,Mesangial cells,DIF,0.054,0.556,0.332,0.058
ACCAGTAAGTGGGCTA-1,14,LYMPH,T_cells,CD8+ T-cells,DIF,0.114,0.558,0.228,0.1
ACCAGTACACAAGTAA-1,1,MYE,Monocyte,Monocytes,DIF,0.314,0.388,0.126,0.172
ACCAGTACACTGTTAG-1,2,LYMPH,T_cells,CD8+ T-cells,DIF,0.122,0.504,0.26,0.114
ACCAGTACAGCTGGCT-1,2,LYMPH,T_cells,CD8+ T-cells,DIF,0.132,0.562,0.214,0.092
ACCAGTACAGTCACTA-1,4,MYE,Monocyte,Monocytes,DIF,0.266,0.412,0.132,0.19
ACCAGTACATCCTTGC-1,14,LYMPH,T_cells,CD8+ T-cells,DIF,0.162,0.47,0.234,0.134
ACCAGTACATTCGACA-1,2,LYMPH,T_cells,CD8+ T-cells,DIF,0.092,0.582,0.226,0.1
ACCAGTAGTAGCCTCG-1,1,MYE,Monocyte,Monocytes,DIF,0.266,0.346,0.194,0.194
ACCAGTAGTCAACTGT-1,2,LYMPH,T_cells,CD4+ T-cells,DIF,0.162,0.418,0.2,0.22
ACCAGTAGTCCAGTTA-1,1,MYE,Monocyte,Macrophages,IMR,0.556,0.25,0.052,0.142
ACCAGTAGTCCGTGAC-1,14,LYMPH,T_cells,CD8+ T-cells,DIF,0.076,0.58,0.264,0.08
ACCAGTAGTTGCGTTA-1,5,LYMPH,B_cell,B-cells,DIF,0.144,0.49,0.232,0.134
ACCAGTATCATGTCCC-1,2,LYMPH,T_cells,CD8+ T-cells,DIF,0.112,0.66,0.134,0.094
ACCCACTAGAAAGTGG-1,3,LYMPH,T_cells,CD8+ T-cells,DIF,0.134,0.462,0.324,0.08
ACCCACTAGCCACCTG-1,4,MYE,Macrophage,Macrophages,DIF,0.186,0.426,0.206,0.182
ACCCACTAGTACGACG-1,2,LYMPH,NK_cell,NK cells,DIF,0.11,0.554,0.216,0.12
ACCCACTAGTACGTAA-1,1,MYE,Macrophage,Macrophages,IMR,0.566,0.274,0.078,0.082
ACCCACTCAATGCCAT-1,4,MYE,Monocyte,Monocytes,DIF,0.194,0.456,0.144,0.206
ACCCACTCACTCAGGC-1,6,STROM,Fibroblasts,Adipocytes,MES,0.12,0.25,0.28,0.35
ACCCACTCAGGATTGG-1,1,MYE,Monocyte,Monocytes,IMR,0.598,0.278,0.054,0.07
ACCCACTCAGGCTCAC-1,9,LYMPH,B_cell,B-cells,DIF,0.104,0.538,0.234,0.124
ACCCACTCAGTGACAG-1,6,STROM,Tissue_stem_cells,Fibroblasts,MES,0.062,0.114,0.298,0.526
ACCCACTGTCTTCAAG-1,1,MYE,Macrophage,Macrophages,IMR,0.522,0.328,0.062,0.088
ACCCACTTCACTCCTG-1,3,LYMPH,T_cells,CD8+ T-cells,DIF,0.05,0.658,0.196,0.096
ACCCACTTCAGTTAGC-1,14,LYMPH,T_cells,CD8+ T-cells,DIF,0.088,0.57,0.236,0.106
ACCCACTTCCACGACG-1,2,LYMPH,T_cells,CD8+ T-cells,DIF,0.14,0.412,0.272,0.176
ACCCACTTCCGTACAA-1,9,LYMPH,B_cell,B-cells,DIF,0.078,0.618,0.216,0.088
ACCCACTTCTAACTCT-1,12,LYMPH,B_cell,B-cells,DIF,0.088,0.592,0.246,0.074
ACCCACTTCTGAGGGA-1,1,MYE,Macrophage,Macrophages,DIF,0.244,0.446,0.152,0.158
ACCGTAAAGGACACCA-1,10,ENDO,Endothelial_cells,Endothelial cells,DIF,0.112,0.488,0.26,0.14
ACCGTAAAGTATGACA-1,2,LYMPH,T_cells,CD8+ T-cells,DIF,0.126,0.396,0.264,0.214
ACCGTAACAAGAAAGG-1,10,ENDO,Endothelial_cells,Endothelial cells,DIF,0.08,0.466,0.312,0.142
ACCGTAACATTATCTC-1,11,MYE,Monocyte,Monocytes,DIF,0.272,0.506,0.112,0.11
ACCGTAAGTACTTCTT-1,3,LYMPH,T_cells,CD8+ T-cells,DIF,0.098,0.384,0.368,0.15
ACCGTAAGTAGCTAAA-1,2,LYMPH,T_cells,CD8+ T-cells,DIF,0.096,0.578,0.232,0.094
ACCGTAAGTCATGCCG-1,5,LYMPH,B_cell,B-cells,DIF,0.084,0.572,0.268,0.076
ACCGTAAGTGAGTGAC-1,9,LYMPH,B_cell,B-cells,DIF,0.074,0.568,0.304,0.054
ACCGTAAGTTATTCTC-1,6,STROM,Fibroblasts,Fibroblasts,DIF,0.08,0.378,0.266,0.276
ACCGTAAGTTTGGGCC-1,5,LYMPH,B_cell,B-cells,DIF,0.114,0.566,0.216,0.104
ACCGTAATCAATACCG-1,3,LYMPH,T_cells,NK cells,DIF,0.132,0.536,0.232,0.1
ACCGTAATCATCTGTT-1,12,LYMPH,B_cell,B-cells,DIF,0.07,0.576,0.256,0.098
ACCGTAATCGCGGATC-1,2,LYMPH,T_cells,CD8+ T-cells,DIF,0.132,0.538,0.222,0.108
ACCGTAATCTAAGCCA-1,14,LYMPH,T_cells,CD8+ T-cells,DIF,0.11,0.592,0.198,0.1
ACCGTAATCTTGACGA-1,12,LYMPH,B_cell,HSC,DIF,0.076,0.652,0.218,0.054
ACCTTTAAGATCCCAT-1,5,LYMPH,B_cell,B-cells,DIF,0.12,0.596,0.176,0.108
ACCTTTAAGCCAGGAT-1,2,LYMPH,T_cells,CD8+ T-cells,DIF,0.126,0.616,0.156,0.102
ACCTTTAAGCGTTCCG-1,14,LYMPH,T_cells,CD8+ T-cells,DIF,0.086,0.68,0.164,0.07
ACCTTTAAGTTCGCGC-1,10,ENDO,Endothelial_cells,Endothelial cells,DIF,0.064,0.48,0.318,0.138
ACCTTTACAAGCTGGA-1,2,LYMPH,T_cells,CD8+ T-cells,DIF,0.126,0.558,0.19,0.126
ACCTTTACAAGGCTCC-1,5,LYMPH,B_cell,B-cells,DIF,0.122,0.532,0.258,0.088
ACCTTTACACGGTGTC-1,1,MYE,Monocyte,Monocytes,DIF,0.188,0.534,0.14,0.138
ACCTTTACATGACGGA-1,2,LYMPH,T_cells,CD8+ T-cells,DIF,0.114,0.558,0.228,0.1
ACCTTTAGTATTAGCC-1,1,MYE,Monocyte,Monocytes,DIF,0.26,0.382,0.196,0.162
ACCTTTAGTCTAGAGG-1,4,MYE,Monocyte,Monocytes,DIF,0.374,0.428,0.076,0.122
ACCTTTAGTTAGAACA-1,1,MYE,Monocyte,Macrophages,DIF,0.248,0.354,0.168,0.23
ACCTTTAGTTGCTCCT-1,2,LYMPH,T_cells,CD8+ T-cells,DIF,0.146,0.506,0.258,0.09
ACCTTTATCAACGCTA-1,5,LYMPH,B_cell,B-cells,DIF,0.114,0.558,0.228,0.1
ACCTTTATCATCGCTC-1,9,LYMPH,B_cell,B-cells,DIF,0.128,0.49,0.27,0.112
ACCTTTATCGAACGGA-1,8,EPI,Epithelial_cells,Keratinocytes,DIF,0.076,0.58,0.264,0.08
ACGAGCCAGTCGTTTG-1,13,STROM,Tissue_stem_cells,Fibroblasts,MES,0.092,0.13,0.256,0.522
ACGAGCCCAAGCCCAC-1,6,STROM,Tissue_stem_cells,Fibroblasts,MES,0.064,0.134,0.26,0.542
ACGAGCCCACAAGTAA-1,1,MYE,Macrophage,Macrophages,IMR,0.456,0.22,0.108,0.216
ACGAGCCCATACTCTT-1,1,MYE,DC,DC,DIF,0.062,0.614,0.248,0.076
ACGAGCCGTCGATTGT-1,3,LYMPH,T_cells,CD8+ T-cells,DIF,0.132,0.512,0.28,0.076
ACGAGCCGTGCACTTA-1,14,LYMPH,NK_cell,NK cells,DIF,0.09,0.572,0.256,0.082
ACGAGCCTCCTTTCTC-1,1,MYE,Macrophage,Macrophages,DIF,0.19,0.514,0.162,0.134
ACGAGGAAGCCACTAT-1,2,LYMPH,T_cells,CD8+ T-cells,DIF,0.154,0.486,0.212,0.148
ACGAGGACAAGGTTCT-1,3,LYMPH,T_cells,CD8+ T-cells,DIF,0.184,0.544,0.136,0.136
ACGAGGACAATCCAAC-1,1,MYE,Monocyte,Monocytes,IMR,0.298,0.42,0.128,0.154
ACGAGGAGTTTGTTGG-1,2,LYMPH,T_cells,CD8+ T-cells,DIF,0.116,0.638,0.174,0.072
ACGAGGATCCGCGGTA-1,5,LYMPH,B_cell,B-cells,DIF,0.09,0.51,0.322,0.078
ACGATACAGGCTCATT-1,2,LYMPH,T_cells,CD8+ T-cells,DIF,0.132,0.546,0.23,0.092
ACGATACAGTGCCAGA-1,4,MYE,Macrophage,Macrophages,DIF,0.226,0.542,0.142,0.09
ACGATACAGTTTAGGA-1,2,LYMPH,NK_cell,CD8+ T-cells,DIF,0.21,0.446,0.184,0.16
ACGATACCAGATGAGC-1,2,LYMPH,T_cells,CD8+ T-cells,DIF,0.098,0.572,0.232,0.098
ACGATACCATGTTCCC-1,6,STROM,Tissue_stem_cells,Fibroblasts,MES,0.1,0.108,0.152,0.64
ACGATACTCACTTACT-1,2,LYMPH,T_cells,CD8+ T-cells,DIF,0.134,0.446,0.244,0.176
ACGATACTCTAACTCT-1,14,LYMPH,T_cells,CD8+ T-cells,DIF,0.068,0.572,0.276,0.084
ACGATGTAGAAGGACA-1,1,MYE,Macrophage,Macrophages,DIF,0.238,0.404,0.146,0.212
ACGATGTAGCCTATGT-1,5,LYMPH,B_cell,B-cells,DIF,0.154,0.482,0.222,0.142
ACGATGTAGCGCCTCA-1,4,MYE,Monocyte,Monocytes,MES,0.292,0.27,0.156,0.282
ACGATGTAGGTCGGAT-1,3,LYMPH,T_cells,CD8+ T-cells,DIF,0.18,0.436,0.234,0.15
ACGATGTAGTCCATAC-1,2,LYMPH,T_cells,CD8+ T-cells,DIF,0.174,0.486,0.17,0.17
ACGATGTCAGCATACT-1,2,LYMPH,T_cells,CD8+ T-cells,DIF,0.134,0.568,0.184,0.114
ACGATGTCAGCGTAAG-1,15,EPI,Epithelial_cells,Epithelial cells,DIF,0.046,0.634,0.284,0.036
ACGATGTCAGTCCTTC-1,12,LYMPH,B_cell,B-cells,DIF,0.104,0.578,0.23,0.088
ACGATGTGTGAGTGAC-1,2,LYMPH,T_cells,CD8+ T-cells,DIF,0.088,0.57,0.236,0.106
ACGATGTGTGGCAAAC-1,6,STROM,Tissue_stem_cells,Fibroblasts,PRO,0.09,0.342,0.304,0.264
ACGATGTTCAACACAC-1,1,MYE,Macrophage,Macrophages,IMR,0.34,0.332,0.138,0.19
ACGATGTTCAGCAACT-1,1,MYE,Macrophage,Macrophages,IMR,0.346,0.244,0.24,0.17
ACGATGTTCAGCTGGC-1,13,STROM,Tissue_stem_cells,Fibroblasts,DIF,0.048,0.44,0.42,0.092
ACGATGTTCGGACAAG-1,7,LYMPH,T_cells,CD4+ T-cells,DIF,0.046,0.658,0.254,0.042
ACGATGTTCTCCTATA-1,2,LYMPH,NK_cell,NK cells,DIF,0.132,0.43,0.274,0.164
ACGCAGCAGAACTGTA-1,1,MYE,Monocyte,Monocytes,DIF,0.206,0.428,0.176,0.19
ACGCAGCAGCCCAACC-1,1,MYE,Monocyte,Monocytes,IMR,0.488,0.326,0.09,0.096
ACGCAGCAGGTACTCT-1,2,LYMPH,T_cells,CD4+ T-cells,DIF,0.098,0.648,0.192,0.062
ACGCAGCAGTTACCCA-1,2,LYMPH,NK_cell,NK cells,DIF,0.106,0.59,0.21,0.094
ACGCAGCCAGGATCGA-1,3,LYMPH,T_cells,CD8+ T-cells,DIF,0.17,0.526,0.178,0.126
ACGCAGCTCAACTCTT-1,14,LYMPH,T_cells,CD4+ T-cells,DIF,0.112,0.492,0.284,0.112
ACGCAGCTCAATCTCT-1,14,LYMPH,T_cells,CD4+ T-cells,DIF,0.152,0.522,0.176,0.15
ACGCAGCTCATGGTCA-1,1,MYE,Macrophage,Macrophages,DIF,0.356,0.39,0.098,0.156
ACGCAGCTCATGTCTT-1,2,LYMPH,T_cells,CD8+ T-cells,DIF,0.1,0.538,0.286,0.076
ACGCAGCTCCGTCAAA-1,1,MYE,Monocyte,Monocytes,IMR,0.464,0.226,0.132,0.178
ACGCCAGAGATGCCTT-1,9,LYMPH,B_cell,B-cells,DIF,0.114,0.65,0.168,0.068
ACGCCAGAGGTGATAT-1,1,MYE,Macrophage,Macrophages,IMR,0.594,0.284,0.066,0.056
ACGCCAGAGTAAGTAC-1,6,STROM,Tissue_stem_cells,Adipocytes,MES,0.008,0.02,0.06,0.912
ACGCCAGCACTGCCAG-1,14,LYMPH,T_cells,CD4+ T-cells,DIF,0.126,0.558,0.198,0.118
ACGCCAGGTAAGAGGA-1,12,LYMPH,B_cell,B-cells,DIF,0.12,0.558,0.19,0.132
ACGCCAGTCATGTGGT-1,8,EPI,Epithelial_cells,Epithelial cells,DIF,0.074,0.568,0.304,0.054
ACGCCGAAGACGCAAC-1,14,LYMPH,T_cells,CD8+ T-cells,DIF,0.074,0.574,0.292,0.06
ACGCCGAAGCCGTCGT-1,1,MYE,Macrophage,Monocytes,DIF,0.2,0.434,0.184,0.182
ACGCCGAAGCGTAGTG-1,6,STROM,Tissue_stem_cells,Adipocytes,MES,0.078,0.2,0.318,0.404
ACGCCGAAGGAGCGTT-1,1,MYE,Monocyte,Monocytes,DIF,0.31,0.44,0.124,0.126
ACGCCGAAGGTAAACT-1,2,LYMPH,NK_cell,NK cells,DIF,0.128,0.55,0.262,0.06
ACGCCGACACAGACTT-1,4,MYE,Macrophage,Monocytes,DIF,0.306,0.336,0.17,0.188
ACGCCGACATGAAGTA-1,8,EPI,Epithelial_cells,Keratinocytes,DIF,0.076,0.58,0.264,0.08
ACGCCGAGTACTCGCG-1,1,MYE,Macrophage,Macrophages,IMR,0.616,0.176,0.078,0.13
ACGCCGAGTCCGTTAA-1,1,MYE,Monocyte,Monocytes,DIF,0.324,0.452,0.118,0.106
ACGCCGATCGTAGGAG-1,6,STROM,Tissue_stem_cells,Fibroblasts,MES,0.07,0.12,0.168,0.642
ACGCCGATCTGAGTGT-1,5,LYMPH,B_cell,B-cells,DIF,0.19,0.404,0.206,0.2
ACGCCGATCTGCAGTA-1,6,STROM,Smooth_muscle_cells,Fibroblasts,MES,0.062,0.12,0.232,0.586
ACGGAGAAGCTTTGGT-1,2,LYMPH,T_cells,CD8+ T-cells,DIF,0.176,0.552,0.14,0.132
ACGGAGACAACACCCG-1,14,LYMPH,T_cells,CD4+ T-cells,DIF,0.088,0.498,0.312,0.102
ACGGAGACACAGGAGT-1,2,LYMPH,T_cells,CD8+ T-cells,DIF,0.154,0.482,0.222,0.142
ACGGAGACACGGTAGA-1,4,MYE,Macrophage,Macrophages,DIF,0.176,0.504,0.168,0.152
ACGGAGACATCACGAT-1,5,LYMPH,B_cell,B-cells,DIF,0.106,0.568,0.22,0.106
ACGGAGATCAGGCGAA-1,15,EPI,Epithelial_cells,Epithelial cells,DIF,0.032,0.798,0.136,0.034
ACGGAGATCCGCGGTA-1,6,STROM,Smooth_muscle_cells,Fibroblasts,PRO,0.064,0.19,0.514,0.232
ACGGAGATCTGCGTAA-1,10,ENDO,Endothelial_cells,Endothelial cells,PRO,0.072,0.42,0.432,0.076
ACGGCCAAGATACACA-1,7,LYMPH,T_cells,CD4+ T-cells,DIF,0.102,0.504,0.272,0.122
ACGGCCACAAGCCTAT-1,6,STROM,Tissue_stem_cells,Fibroblasts,MES,0.072,0.198,0.256,0.474
ACGGCCACAAGGTGTG-1,2,LYMPH,T_cells,CD8+ T-cells,DIF,0.13,0.62,0.168,0.082
ACGGCCACAAGGTTCT-1,13,STROM,Tissue_stem_cells,Fibroblasts,MES,0.118,0.282,0.252,0.348
ACGGCCACAGCCTTTC-1,2,LYMPH,T_cells,CD8+ T-cells,DIF,0.128,0.56,0.194,0.118
ACGGCCAGTAGCGCAA-1,2,LYMPH,NK_cell,NK cells,DIF,0.088,0.542,0.272,0.098
ACGGCCAGTATTAGCC-1,14,LYMPH,T_cells,CD8+ T-cells,DIF,0.12,0.552,0.206,0.122
ACGGCCAGTTTGTTTC-1,6,STROM,Tissue_stem_cells,Fibroblasts,MES,0.096,0.16,0.216,0.528
ACGGCCATCAAACAAG-1,1,MYE,Macrophage,Macrophages,DIF,0.176,0.39,0.204,0.23
ACGGCCATCAGATAAG-1,3,LYMPH,NK_cell,NK cells,DIF,0.16,0.516,0.216,0.108
ACGGCCATCCGTAGGC-1,1,MYE,GMP,Monocytes,DIF,0.114,0.486,0.322,0.078
ACGGGCTAGAGGTAGA-1,12,LYMPH,B_cell,B-cells,DIF,0.07,0.584,0.234,0.112
ACGGGCTAGCAATCTC-1,6,STROM,Fibroblasts,Fibroblasts,PRO,0.082,0.25,0.41,0.258
ACGGGCTAGGATGTAT-1,15,EPI,Epithelial_cells,Epithelial cells,DIF,0.094,0.602,0.256,0.048
ACGGGCTCAAACAACA-1,1,MYE,Macrophage,Monocytes,DIF,0.294,0.466,0.134,0.106
ACGGGCTCAGCGAACA-1,2,LYMPH,T_cells,CD8+ T-cells,DIF,0.136,0.544,0.204,0.116
ACGGGCTCAGGGTTAG-1,4,MYE,Macrophage,Macrophages,DIF,0.244,0.432,0.132,0.192
ACGGGCTCATGACATC-1,1,MYE,Macrophage,Monocytes,DIF,0.392,0.4,0.106,0.102
ACGGGCTCATGTAAGA-1,2,LYMPH,NK_cell,NK cells,DIF,0.178,0.444,0.21,0.168
ACGGGCTGTATATGGA-1,2,LYMPH,T_cells,CD8+ T-cells,DIF,0.134,0.532,0.2,0.134
ACGGGCTGTGGGTATG-1,3,LYMPH,NK_cell,NK cells,DIF,0.202,0.46,0.176,0.162
ACGGGCTTCATGTCCC-1,2,LYMPH,T_cells,CD8+ T-cells,DIF,0.114,0.512,0.248,0.126
ACGGGCTTCCGCTGTT-1,2,LYMPH,NK_cell,NK cells,DIF,0.12,0.53,0.266,0.084
ACGGGTCAGCGTCAAG-1,1,MYE,Macrophage,Macrophages,MES,0.248,0.292,0.164,0.296
ACGGGTCAGTGGACGT-1,3,LYMPH,T_cells,CD8+ T-cells,DIF,0.132,0.544,0.246,0.078
ACGGGTCCATGTCTCC-1,4,MYE,Macrophage,Monocytes,IMR,0.338,0.274,0.13,0.258
ACGGGTCTCATGGTCA-1,2,LYMPH,T_cells,CD8+ T-cells,DIF,0.108,0.562,0.208,0.122
ACGGGTCTCGAATGGG-1,12,LYMPH,Pro-B_cell_CD34+,B-cells,DIF,0.074,0.516,0.332,0.078
ACGGGTCTCGTATCAG-1,7,LYMPH,T_cells,CD8+ T-cells,DIF,0.088,0.57,0.236,0.106
ACGGGTCTCTCGAGTA-1,2,LYMPH,T_cells,CD8+ T-cells,DIF,0.116,0.572,0.202,0.11
ACGGGTCTCTTGCAAG-1,2,LYMPH,T_cells,CD8+ T-cells,DIF,0.144,0.434,0.314,0.108
ACGTCAAAGAAGATTC-1,7,LYMPH,T_cells,CD8+ T-cells,DIF,0.16,0.586,0.174,0.08
ACGTCAAAGACTTGAA-1,6,STROM,Smooth_muscle_cells,Fibroblasts,MES,0.072,0.218,0.342,0.368
ACGTCAAAGATGTAAC-1,11,MYE,Monocyte,Monocytes,DIF,0.152,0.532,0.184,0.132
ACGTCAAAGGAATGGA-1,2,LYMPH,T_cells,CD8+ T-cells,DIF,0.12,0.628,0.164,0.088
ACGTCAAAGGTAAACT-1,6,STROM,Fibroblasts,Fibroblasts,MES,0.096,0.188,0.314,0.402
ACGTCAACATACTCTT-1,2,LYMPH,T_cells,CD8+ T-cells,DIF,0.148,0.502,0.198,0.152
ACGTCAACATGACATC-1,6,STROM,Smooth_muscle_cells,Fibroblasts,MES,0.114,0.218,0.282,0.386
ACGTCAACATGCCTTC-1,2,LYMPH,NK_cell,NK cells,DIF,0.186,0.526,0.17,0.118
ACGTCAAGTGCTGTAT-1,2,LYMPH,T_cells,CD8+ T-cells,DIF,0.17,0.5,0.184,0.146
ACGTCAAGTTCCACGG-1,2,LYMPH,T_cells,CD8+ T-cells,DIF,0.134,0.522,0.24,0.104
ACGTCAATCACTATTC-1,8,EPI,Epithelial_cells,Epithelial cells,DIF,0.094,0.614,0.186,0.106
ACGTCAATCGAGGTAG-1,3,LYMPH,T_cells,CD8+ T-cells,DIF,0.196,0.47,0.196,0.138
ACTATCTAGAGTTGGC-1,3,LYMPH,T_cells,CD8+ T-cells,DIF,0.266,0.488,0.142,0.104
ACTATCTAGCTGATAA-1,5,LYMPH,B_cell,B-cells,DIF,0.136,0.452,0.278,0.134
ACTATCTAGTCAATAG-1,1,MYE,Macrophage,Monocytes,IMR,0.314,0.274,0.154,0.258
ACTATCTCAATCTACG-1,1,MYE,Macrophage,Monocytes,DIF,0.378,0.368,0.158,0.096
ACTATCTCACCCTATC-1,2,LYMPH,T_cells,CD8+ T-cells,DIF,0.188,0.5,0.16,0.152
ACTATCTGTAGGACAC-1,2,LYMPH,T_cells,CD8+ T-cells,DIF,0.11,0.592,0.228,0.07
ACTATCTGTTAGTGGG-1,4,MYE,Macrophage,Monocytes,DIF,0.286,0.336,0.162,0.216
ACTATCTGTTTACTCT-1,1,MYE,Macrophage,Macrophages,DIF,0.228,0.32,0.25,0.202
ACTATCTTCCCTCTTT-1,9,STROM,Fibroblasts,B-cells,DIF,0.09,0.496,0.302,0.112
ACTGAACAGAAACCTA-1,1,MYE,Monocyte,Monocytes,DIF,0.266,0.554,0.072,0.108
ACTGAACAGTAGCCGA-1,2,LYMPH,T_cells,CD8+ T-cells,DIF,0.134,0.534,0.232,0.1
ACTGAACCACGACTCG-1,8,EPI,Epithelial_cells,Epithelial cells,DIF,0.074,0.594,0.278,0.054
ACTGAACGTATATCCG-1,1,MYE,Macrophage,Macrophages,IMR,0.586,0.228,0.06,0.126
ACTGAACGTTCCGTCT-1,2,LYMPH,T_cells,CD8+ T-cells,DIF,0.108,0.516,0.302,0.074
ACTGAACTCATTGCGA-1,2,LYMPH,NK_cell,NK cells,DIF,0.116,0.52,0.25,0.114
