Barcode,Cluster,celltype,hpca.celltype,encode.celltype,subtype,IMR_consensus,DIF_consensus,PRO_consensus,MES_consensus
AAACCTGAGACCTTTG-1,1,MYE,Macrophage,Monocytes,IMR,0.62,0.19,0.05,0.14
AAACCTGAGCCAGAAC-1,2,LYMPH,T_cells,CD8+ T-cells,DIF,0.3,0.35,0.244,0.106
AAACCTGAGGCTATCT-1,4,LYMPH,T_cells,CD8+ T-cells,DIF,0.212,0.388,0.194,0.206
AAACCTGGTAAACCTC-1,2,LYMPH,T_cells,CD8+ T-cells,DIF,0.228,0.412,0.198,0.162
AAACCTGGTTGTGGCC-1,2,LYMPH,T_cells,CD8+ T-cells,DIF,0.162,0.54,0.202,0.096
AAACCTGTCGGCATCG-1,5,EPI,Epithelial_cells,Epithelial cells,DIF,0.082,0.408,0.444,0.066
AAACCTGTCGGCGCTA-1,5,EPI,Epithelial_cells,Epithelial cells,DIF,0.094,0.516,0.306,0.084
AAACGGGAGCCCAATT-1,6,STROM,Tissue_stem_cells,Fibroblasts,MES,0.138,0.24,0.184,0.438
AAACGGGAGTGAACAT-1,2,LYMPH,T_cells,CD8+ T-cells,DIF,0.252,0.43,0.214,0.104
AAACGGGCAAGGGTCA-1,1,MYE,Macrophage,Macrophages,IMR,0.394,0.32,0.114,0.172
AAACGGGCAGAGTGTG-1,10,LYMPH,B_cell,B-cells,DIF,0.2,0.494,0.2,0.106
AAACGGGGTCGGCTCA-1,3,EPI,Epithelial_cells,Epithelial cells,DIF,0.1,0.462,0.374,0.064
AAAGATGAGAGAACAG-1,2,LYMPH,T_cells,CD8+ T-cells,DIF,0.306,0.43,0.122,0.142
AAAGATGAGTGTTTGC-1,2,LYMPH,T_cells,CD8+ T-cells,DIF,0.15,0.484,0.24,0.126
AAAGATGCACCATGTA-1,4,LYMPH,T_cells,CD4+ T-cells,DIF,0.166,0.592,0.18,0.062
AAAGATGCATCTGGTA-1,4,LYMPH,T_cells,CD8+ T-cells,DIF,0.288,0.434,0.15,0.128
AAAGATGCATTGAGCT-1,4,LYMPH,T_cells,CD4+ T-cells,DIF,0.212,0.462,0.168,0.158
AAAGATGGTGCATCTA-1,2,LYMPH,T_cells,CD8+ T-cells,DIF,0.186,0.436,0.26,0.118
AAAGATGGTGGCTCCA-1,7,LYMPH,T_cells,CD4+ T-cells,IMR,0.374,0.356,0.124,0.146
AAAGATGGTTAGGGTG-1,2,LYMPH,T_cells,CD8+ T-cells,DIF,0.24,0.46,0.154,0.146
AAAGATGTCTCAAACG-1,3,EPI,T_cells,Epithelial cells,DIF,0.226,0.53,0.162,0.082
AAAGCAAAGATCTGAA-1,10,LYMPH,Pro-B_cell_CD34+,B-cells,DIF,0.132,0.536,0.234,0.098
AAAGCAAAGTCTTGCA-1,8,STROM,Tissue_stem_cells,Fibroblasts,MES,0.178,0.212,0.212,0.398
AAAGCAAAGTGGTAGC-1,6,STROM,Tissue_stem_cells,Fibroblasts,MES,0.192,0.198,0.088,0.522
AAAGCAACACAGGAGT-1,2,LYMPH,T_cells,CD8+ T-cells,DIF,0.254,0.41,0.184,0.152
AAAGCAACATACAGCT-1,2,LYMPH,T_cells,CD8+ T-cells,DIF,0.202,0.5,0.198,0.1
AAAGCAACATCTATGG-1,8,ENDO,Endothelial_cells,Adipocytes,DIF,0.122,0.388,0.336,0.154
AAAGCAACATGCTGGC-1,2,LYMPH,NK_cell,NK cells,DIF,0.194,0.516,0.2,0.09
AAAGCAAGTAGCCTCG-1,10,LYMPH,B_cell,B-cells,DIF,0.176,0.522,0.182,0.12
AAAGCAATCTGCTGTC-1,2,LYMPH,T_cells,CD8+ T-cells,DIF,0.25,0.426,0.174,0.15
AAAGTAGAGAGTTGGC-1,2,LYMPH,T_cells,CD8+ T-cells,DIF,0.186,0.486,0.202,0.126
AAAGTAGAGGCTCTTA-1,2,LYMPH,T_cells,CD8+ T-cells,DIF,0.18,0.456,0.206,0.158
AAAGTAGAGTACGATA-1,2,LYMPH,T_cells,CD8+ T-cells,DIF,0.258,0.386,0.212,0.144
AAAGTAGCAATAGAGT-1,5,EPI,iPS_cells,Epithelial cells,DIF,0.094,0.622,0.222,0.062
AAAGTAGGTTCTCATT-1,4,LYMPH,T_cells,CD4+ T-cells,DIF,0.27,0.416,0.166,0.148
AAAGTAGTCCATGAAC-1,5,EPI,iPS_cells,Epithelial cells,DIF,0.092,0.534,0.314,0.06
AAAGTAGTCGCGTAGC-1,4,LYMPH,T_cells,CD8+ T-cells,DIF,0.182,0.468,0.24,0.11
AAAGTAGTCTGTCCGT-1,4,LYMPH,T_cells,CD8+ T-cells,DIF,0.172,0.526,0.188,0.114
AAATGCCAGGAGTAGA-1,8,ENDO,Endothelial_cells,Adipocytes,DIF,0.184,0.314,0.29,0.212
AAATGCCAGGGCACTA-1,4,LYMPH,T_cells,CD8+ T-cells,DIF,0.246,0.484,0.146,0.124
AAATGCCCACGTGAGA-1,5,EPI,Epithelial_cells,Epithelial cells,DIF,0.108,0.45,0.374,0.068
AAATGCCGTTAAAGTG-1,4,LYMPH,T_cells,CD4+ T-cells,DIF,0.232,0.484,0.174,0.11
AACACGTAGCTAGTTC-1,5,EPI,iPS_cells,Epithelial cells,DIF,0.08,0.436,0.416,0.068
AACACGTAGGACAGCT-1,4,LYMPH,T_cells,CD8+ T-cells,DIF,0.178,0.588,0.134,0.1
AACACGTAGGATTCGG-1,4,LYMPH,NK_cell,HSC,DIF,0.116,0.58,0.224,0.08
AACACGTAGTGACATA-1,4,MYE,Pre-B_cell_CD34-,Monocytes,DIF,0.214,0.496,0.218,0.072
AACACGTCATGGTAGG-1,4,LYMPH,T_cells,CD8+ T-cells,DIF,0.234,0.526,0.142,0.098
AACACGTTCGGTCTAA-1,2,LYMPH,T_cells,CD8+ T-cells,DIF,0.218,0.464,0.176,0.142
AACACGTTCTGAGGGA-1,2,LYMPH,T_cells,CD8+ T-cells,DIF,0.154,0.564,0.22,0.062
AACCATGCAAGTCTGT-1,2,LYMPH,T_cells,CD8+ T-cells,DIF,0.148,0.55,0.188,0.114
AACCATGCACCATCCT-1,2,LYMPH,T_cells,CD8+ T-cells,DIF,0.204,0.586,0.104,0.106
AACCATGGTGGCTCCA-1,1,MYE,Monocyte,Macrophages,IMR,0.546,0.216,0.112,0.126
AACCATGTCCAAAGTC-1,5,EPI,Epithelial_cells,Epithelial cells,DIF,0.114,0.498,0.344,0.044
AACCATGTCCCTTGTG-1,1,MYE,GMP,Monocytes,DIF,0.206,0.322,0.292,0.18
AACCGCGAGCATGGCA-1,2,LYMPH,T_cells,CD8+ T-cells,DIF,0.158,0.374,0.284,0.184
AACCGCGAGCTGCCCA-1,10,LYMPH,B_cell,B-cells,DIF,0.172,0.466,0.268,0.094
AACCGCGCAATGCCAT-1,4,STROM,Tissue_stem_cells,Fibroblasts,MES,0.066,0.102,0.232,0.6
AACCGCGCAATGTAAG-1,8,STROM,Chondrocytes,Skeletal muscle,DIF,0.146,0.35,0.248,0.256
AACCGCGGTTAAGACA-1,3,EPI,Epithelial_cells,Epithelial cells,DIF,0.068,0.836,0.068,0.028
AACCGCGTCGAATGCT-1,2,LYMPH,T_cells,CD8+ T-cells,DIF,0.164,0.544,0.178,0.114
AACCGCGTCTGCTGTC-1,4,LYMPH,T_cells,CD4+ T-cells,DIF,0.16,0.55,0.18,0.11
AACGTTGAGAAACCAT-1,4,LYMPH,T_cells,CD8+ T-cells,DIF,0.198,0.418,0.22,0.164
AACGTTGAGACCCACC-1,2,LYMPH,NK_cell,NK cells,DIF,0.324,0.416,0.132,0.128
AACGTTGAGAGTACAT-1,4,LYMPH,T_cells,CD8+ T-cells,DIF,0.282,0.424,0.196,0.098
AACGTTGCAACGCACC-1,4,LYMPH,T_cells,CD4+ T-cells,DIF,0.272,0.272,0.212,0.244
AACGTTGCAAGTTCTG-1,2,LYMPH,T_cells,CD8+ T-cells,DIF,0.256,0.308,0.18,0.256
AACGTTGCATGGTTGT-1,7,LYMPH,T_cells,CD4+ T-cells,DIF,0.218,0.502,0.13,0.15
AACGTTGGTAGAGTGC-1,5,EPI,Epithelial_cells,Epithelial cells,DIF,0.094,0.4,0.432,0.074
AACGTTGGTAGCTCCG-1,2,LYMPH,NK_cell,NK cells,DIF,0.23,0.5,0.17,0.1
AACGTTGGTTCCACGG-1,2,LYMPH,T_cells,CD8+ T-cells,DIF,0.15,0.562,0.184,0.104
AACGTTGTCAGCAACT-1,5,EPI,Epithelial_cells,Epithelial cells,PRO,0.094,0.366,0.472,0.068
AACGTTGTCGTCCAGG-1,5,EPI,iPS_cells,Epithelial cells,DIF,0.108,0.456,0.378,0.058
AACTCAGAGAATAGGG-1,2,LYMPH,T_cells,CD8+ T-cells,DIF,0.282,0.372,0.21,0.136
AACTCAGAGCGAAGGG-1,9,LYMPH,B_cell,B-cells,DIF,0.152,0.476,0.248,0.124
AACTCAGCAATGGTCT-1,4,LYMPH,NK_cell,CD8+ T-cells,DIF,0.134,0.574,0.2,0.092
AACTCAGCAGACGCTC-1,5,EPI,Epithelial_cells,Epithelial cells,DIF,0.09,0.446,0.402,0.062
AACTCAGCATATGCTG-1,6,STROM,Fibroblasts,Fibroblasts,MES,0.162,0.238,0.184,0.416
AACTCAGCATGAACCT-1,4,STROM,Fibroblasts,Astrocytes,DIF,0.144,0.464,0.218,0.174
AACTCAGGTGCGAAAC-1,5,EPI,Epithelial_cells,Epithelial cells,DIF,0.078,0.628,0.24,0.054
AACTCAGGTTAAGATG-1,7,LYMPH,T_cells,CD4+ T-cells,DIF,0.158,0.606,0.142,0.094
AACTCAGTCATCGGAT-1,1,MYE,Macrophage,Macrophages,IMR,0.436,0.248,0.146,0.17
AACTCAGTCCCATTTA-1,2,LYMPH,T_cells,CD8+ T-cells,DIF,0.242,0.38,0.172,0.206
AACTCAGTCGCCTGTT-1,2,LYMPH,T_cells,CD8+ T-cells,DIF,0.21,0.408,0.246,0.136
AACTCCCCACTAAGTC-1,1,MYE,Monocyte,Monocytes,DIF,0.324,0.5,0.098,0.078
AACTCCCGTACAGTGG-1,10,LYMPH,B_cell,B-cells,DIF,0.26,0.39,0.178,0.172
AACTCCCTCACGCGGT-1,4,LYMPH,T_cells,CD8+ T-cells,DIF,0.184,0.52,0.162,0.134
AACTCCCTCGGCCGAT-1,4,LYMPH,T_cells,CD8+ T-cells,DIF,0.158,0.5,0.244,0.098
AACTCCCTCTTGCATT-1,4,LYMPH,T_cells,CD8+ T-cells,DIF,0.212,0.366,0.278,0.144
AACTCTTAGCCAGTTT-1,3,EPI,Epithelial_cells,Epithelial cells,DIF,0.098,0.57,0.28,0.052
AACTCTTAGCTGAACG-1,1,MYE,Monocyte,Monocytes,DIF,0.376,0.382,0.112,0.13
AACTCTTAGGCATGGT-1,2,LYMPH,T_cells,CD8+ T-cells,DIF,0.242,0.376,0.188,0.194
AACTCTTCATGCGCAC-1,4,LYMPH,T_cells,CD8+ T-cells,DIF,0.17,0.568,0.142,0.12
AACTCTTTCCGTCATC-1,1,MYE,Monocyte,Monocytes,DIF,0.35,0.54,0.056,0.054
AACTCTTTCGCTGATA-1,4,LYMPH,T_cells,CD4+ T-cells,DIF,0.162,0.442,0.248,0.148
AACTCTTTCGGACAAG-1,2,LYMPH,T_cells,CD8+ T-cells,DIF,0.216,0.498,0.176,0.11
AACTCTTTCGGTGTCG-1,4,LYMPH,T_cells,CD8+ T-cells,DIF,0.128,0.488,0.28,0.104
AACTCTTTCGTCTGAA-1,2,LYMPH,T_cells,CD8+ T-cells,DIF,0.248,0.45,0.174,0.128
AACTCTTTCTAACTCT-1,5,EPI,iPS_cells,Epithelial cells,DIF,0.172,0.454,0.262,0.112
AACTGGTAGCGAAGGG-1,4,LYMPH,T_cells,CD8+ T-cells,DIF,0.298,0.436,0.09,0.176
AACTGGTAGTCACGCC-1,4,LYMPH,T_cells,CD4+ T-cells,DIF,0.208,0.384,0.224,0.184
AACTGGTCAATGGATA-1,2,LYMPH,NK_cell,NK cells,DIF,0.22,0.464,0.18,0.136
AACTGGTCACAGAGGT-1,4,LYMPH,NK_cell,HSC,DIF,0.228,0.372,0.228,0.172
AACTGGTCAGTACACT-1,4,LYMPH,T_cells,CD8+ T-cells,DIF,0.118,0.498,0.296,0.088
AACTGGTGTGGTGTAG-1,4,LYMPH,T_cells,CD8+ T-cells,DIF,0.266,0.488,0.128,0.118
AACTGGTGTTCCATGA-1,4,LYMPH,T_cells,CD8+ T-cells,DIF,0.148,0.58,0.178,0.094
AACTGGTTCAAGCCTA-1,2,LYMPH,T_cells,CD8+ T-cells,DIF,0.188,0.442,0.214,0.156
AACTGGTTCATGCATG-1,4,LYMPH,T_cells,CD8+ T-cells,DIF,0.172,0.592,0.116,0.12
AACTGGTTCCAAAGTC-1,1,MYE,Macrophage,Macrophages,DIF,0.262,0.454,0.17,0.114
AACTGGTTCGTCTGCT-1,2,LYMPH,T_cells,CD8+ T-cells,DIF,0.188,0.382,0.28,0.15
AACTTTCAGATGTCGG-1,2,LYMPH,T_cells,CD8+ T-cells,DIF,0.17,0.518,0.166,0.146
AACTTTCAGCCAGGAT-1,5,EPI,Epithelial_cells,Epithelial cells,DIF,0.126,0.552,0.254,0.068
AACTTTCCAAACAACA-1,5,EPI,iPS_cells,Epithelial cells,DIF,0.096,0.462,0.324,0.118
AACTTTCCACTGTCGG-1,2,LYMPH,T_cells,CD8+ T-cells,DIF,0.148,0.57,0.172,0.11
AACTTTCCATCGGGTC-1,5,EPI,Epithelial_cells,Epithelial cells,DIF,0.098,0.526,0.29,0.086
AACTTTCGTACTCTCC-1,4,LYMPH,T_cells,CD4+ T-cells,DIF,0.27,0.426,0.148,0.156
AACTTTCGTCCAGTTA-1,5,EPI,Epithelial_cells,Epithelial cells,DIF,0.128,0.514,0.258,0.1
AACTTTCTCTAGCACA-1,4,LYMPH,T_cells,CD8+ T-cells,DIF,0.13,0.574,0.184,0.112
AACTTTCTCTCTAAGG-1,8,ENDO,Endothelial_cells,Adipocytes,DIF,0.172,0.422,0.246,0.16
AAGACCTCACTAAGTC-1,2,LYMPH,T_cells,CD8+ T-cells,DIF,0.174,0.528,0.198,0.1
AAGACCTGTGTTAAGA-1,4,LYMPH,T_cells,CD8+ T-cells,DIF,0.224,0.38,0.194,0.202
AAGACCTGTTATCCGA-1,6,STROM,Fibroblasts,Fibroblasts,MES,0.144,0.2,0.286,0.37
AAGACCTGTTGCTCCT-1,4,LYMPH,T_cells,CD4+ T-cells,DIF,0.138,0.566,0.204,0.092
AAGACCTTCATCTGCC-1,1,MYE,Monocyte,Monocytes,DIF,0.39,0.416,0.078,0.116
AAGACCTTCTGCTGTC-1,2,LYMPH,T_cells,CD8+ T-cells,DIF,0.124,0.656,0.154,0.066
AAGCCGCAGACTAGGC-1,3,EPI,Epithelial_cells,Epithelial cells,DIF,0.112,0.546,0.254,0.088
AAGCCGCAGTGCTGCC-1,1,MYE,Monocyte,Monocytes,DIF,0.376,0.376,0.128,0.12
AAGCCGCCAATGGACG-1,7,LYMPH,T_cells,CD4+ T-cells,DIF,0.274,0.45,0.108,0.168
AAGCCGCCATCGGAAG-1,1,MYE,Monocyte,Monocytes,DIF,0.25,0.398,0.202,0.15
AAGCCGCGTTCCGTCT-1,2,LYMPH,T_cells,CD8+ T-cells,DIF,0.246,0.414,0.166,0.174
AAGCCGCTCAGCTCGG-1,7,LYMPH,T_cells,CD4+ T-cells,DIF,0.176,0.49,0.184,0.15
AAGGAGCAGCTGTTCA-1,2,LYMPH,T_cells,CD8+ T-cells,DIF,0.338,0.502,0.078,0.082
AAGGAGCAGTCTCCTC-1,2,LYMPH,T_cells,CD8+ T-cells,DIF,0.166,0.49,0.23,0.114
AAGGAGCCATCTATGG-1,10,LYMPH,B_cell,B-cells,DIF,0.148,0.498,0.244,0.11
AAGGAGCGTTACCAGT-1,4,MYE,Monocyte,Monocytes,DIF,0.268,0.43,0.218,0.084
AAGGAGCTCCAGATCA-1,6,STROM,Smooth_muscle_cells,Fibroblasts,MES,0.112,0.268,0.18,0.44
AAGGCAGAGGAGCGAG-1,2,LYMPH,T_cells,CD8+ T-cells,DIF,0.2,0.496,0.218,0.086
AAGGCAGAGTGTCTCA-1,3,EPI,Epithelial_cells,Mesangial cells,DIF,0.11,0.566,0.24,0.084
AAGGCAGCAAACGCGA-1,4,LYMPH,T_cells,CD8+ T-cells,DIF,0.19,0.432,0.252,0.126
AAGGCAGCAGCCTTTC-1,4,LYMPH,T_cells,CD8+ T-cells,DIF,0.094,0.53,0.298,0.078
AAGGCAGTCACCTCGT-1,2,LYMPH,T_cells,CD8+ T-cells,DIF,0.192,0.384,0.262,0.162
AAGGCAGTCATAAAGG-1,5,EPI,iPS_cells,Epithelial cells,DIF,0.084,0.442,0.408,0.066
AAGGCAGTCGGTCCGA-1,2,LYMPH,NK_cell,NK cells,DIF,0.28,0.348,0.296,0.076
AAGGTTCCACAGACAG-1,2,LYMPH,T_cells,CD8+ T-cells,DIF,0.204,0.478,0.234,0.084
AAGGTTCCAGCGAACA-1,2,LYMPH,T_cells,CD8+ T-cells,DIF,0.194,0.478,0.192,0.136
AAGGTTCCAGTCCTTC-1,2,LYMPH,T_cells,CD8+ T-cells,DIF,0.194,0.408,0.242,0.156
AAGGTTCCATCGATGT-1,2,LYMPH,T_cells,CD8+ T-cells,DIF,0.292,0.41,0.138,0.16
AAGGTTCGTATCAGTC-1,4,LYMPH,T_cells,CD8+ T-cells,DIF,0.198,0.444,0.22,0.138
AAGGTTCGTGACGCCT-1,3,EPI,iPS_cells,Epithelial cells,DIF,0.094,0.45,0.364,0.092
AAGGTTCGTGCTTCTC-1,4,LYMPH,T_cells,CD8+ T-cells,DIF,0.266,0.442,0.156,0.136
AAGGTTCGTTGATTGC-1,4,LYMPH,T_cells,CD8+ T-cells,DIF,0.18,0.494,0.206,0.12
AAGTCTGAGCCCAGCT-1,5,EPI,iPS_cells,Epithelial cells,DIF,0.13,0.526,0.274,0.07
AAGTCTGAGGAATGGA-1,3,EPI,Epithelial_cells,Epithelial cells,DIF,0.092,0.522,0.308,0.078
AAGTCTGAGTAATCCC-1,2,LYMPH,T_cells,CD8+ T-cells,DIF,0.17,0.496,0.236,0.098
AAGTCTGCACTCGACG-1,4,LYMPH,T_cells,CD8+ T-cells,DIF,0.17,0.616,0.138,0.076
AAGTCTGGTAGCTCCG-1,1,MYE,Macrophage,Macrophages,IMR,0.594,0.24,0.056,0.11
AAGTCTGGTCAAAGAT-1,6,STROM,Fibroblasts,Fibroblasts,MES,0.112,0.196,0.242,0.45
AAGTCTGGTCTAGGTT-1,4,LYMPH,T_cells,CD4+ T-cells,DIF,0.21,0.538,0.136,0.116
AATCCAGAGACTACAA-1,2,LYMPH,T_cells,CD8+ T-cells,DIF,0.306,0.396,0.146,0.152
AATCCAGAGGCTCATT-1,1,MYE,Monocyte,Monocytes,IMR,0.542,0.326,0.042,0.09
AATCCAGCAATGAATG-1,5,EPI,Epithelial_cells,Epithelial cells,DIF,0.09,0.44,0.406,0.064
AATCCAGCAATGGATA-1,10,LYMPH,B_cell,B-cells,DIF,0.238,0.494,0.158,0.11
AATCCAGCATTTGCCC-1,2,LYMPH,T_cells,CD8+ T-cells,DIF,0.33,0.392,0.166,0.112
AATCCAGTCCGCGTTT-1,2,LYMPH,T_cells,CD8+ T-cells,DIF,0.226,0.374,0.224,0.176
AATCCAGTCTATCCCG-1,10,LYMPH,B_cell,B-cells,DIF,0.248,0.47,0.17,0.112
AATCCAGTCTGTACGA-1,4,LYMPH,T_cells,CD8+ T-cells,DIF,0.214,0.484,0.16,0.142
AATCCAGTCTTCAACT-1,3,EPI,Epithelial_cells,Epithelial cells,PRO,0.074,0.352,0.5,0.074
AATCGGTAGAAGGCCT-1,2,LYMPH,T_cells,CD8+ T-cells,DIF,0.21,0.486,0.18,0.124
AATCGGTAGACAAAGG-1,4,LYMPH,NK_cell,CD8+ T-cells,DIF,0.294,0.446,0.154,0.106
AATCGGTAGAGACTAT-1,3,EPI,Epithelial_cells,Epithelial cells,DIF,0.082,0.504,0.312,0.102
AATCGGTAGTACGCGA-1,2,LYMPH,T_cells,CD8+ T-cells,DIF,0.192,0.538,0.186,0.084
AATCGGTCAATAGCAA-1,5,EPI,Epithelial_cells,Epithelial cells,DIF,0.144,0.598,0.184,0.074
AATCGGTGTACAGTTC-1,2,LYMPH,T_cells,CD8+ T-cells,DIF,0.138,0.566,0.202,0.094
AATCGGTGTACTTGAC-1,7,LYMPH,T_cells,CD4+ T-cells,DIF,0.256,0.444,0.196,0.104
AATCGGTTCCTAGTGA-1,2,LYMPH,NK_cell,NK cells,DIF,0.172,0.524,0.172,0.132
ACACCAAAGAGACTTA-1,5,EPI,Epithelial_cells,Epithelial cells,DIF,0.162,0.364,0.284,0.19
ACACCAACAGGGTTAG-1,5,EPI,iPS_cells,Epithelial cells,DIF,0.08,0.436,0.414,0.07
ACACCAACATTATCTC-1,10,LYMPH,B_cell,B-cells,DIF,0.152,0.46,0.292,0.096
ACACCAATCAGAGGTG-1,8,ENDO,Endothelial_cells,Endothelial cells,DIF,0.25,0.326,0.228,0.196
ACACCAATCATCGATG-1,3,EPI,Epithelial_cells,Epithelial cells,DIF,0.11,0.494,0.312,0.084
ACACCAATCCGTAGGC-1,4,LYMPH,T_cells,CD8+ T-cells,DIF,0.312,0.304,0.17,0.214
ACACCAATCGGCTACG-1,2,LYMPH,T_cells,CD8+ T-cells,DIF,0.158,0.622,0.13,0.09
ACACCAATCGTTGCCT-1,2,LYMPH,T_cells,CD8+ T-cells,DIF,0.182,0.462,0.202,0.154
ACACCCTAGATGTGGC-1,2,LYMPH,T_cells,CD8+ T-cells,DIF,0.182,0.498,0.162,0.158
ACACCCTAGGGCTTCC-1,4,LYMPH,T_cells,CD4+ T-cells,DIF,0.102,0.672,0.168,0.058
ACACCCTCACGGTAAG-1,3,EPI,Epithelial_cells,Epithelial cells,DIF,0.144,0.346,0.352,0.158
ACACCCTCAGCTGCTG-1,5,EPI,Embryonic_stem_cells,Epithelial cells,DIF,0.104,0.484,0.32,0.092
ACACCCTGTCTTGTCC-1,4,LYMPH,T_cells,CD8+ T-cells,DIF,0.152,0.566,0.17,0.112
ACACCGGAGAGTACAT-1,3,EPI,Epithelial_cells,Epithelial cells,DIF,0.118,0.41,0.37,0.102
ACACCGGAGGACTGGT-1,10,LYMPH,B_cell,B-cells,DIF,0.172,0.466,0.268,0.094
ACACCGGAGTACCGGA-1,2,LYMPH,NK_cell,NK cells,DIF,0.212,0.334,0.31,0.144
ACACCGGAGTCCCACG-1,3,EPI,iPS_cells,Epithelial cells,PRO,0.11,0.382,0.434,0.074
ACACCGGCAACGATGG-1,4,LYMPH,T_cells,CD8+ T-cells,DIF,0.292,0.378,0.128,0.202
ACACCGGCAACTGCGC-1,4,LYMPH,T_cells,CD4+ T-cells,DIF,0.18,0.478,0.19,0.152
ACACCGGCAGGCGATA-1,5,EPI,Epithelial_cells,Epithelial cells,DIF,0.09,0.61,0.234,0.066
ACACCGGGTAAACACA-1,5,EPI,iPS_cells,Epithelial cells,DIF,0.108,0.506,0.304,0.082
ACACCGGTCAGCATGT-1,7,LYMPH,T_cells,CD8+ T-cells,DIF,0.148,0.486,0.246,0.12
ACACCGGTCAGTCAGT-1,8,ENDO,Endothelial_cells,Endothelial cells,DIF,0.232,0.32,0.194,0.254
ACACCGGTCGGTTAAC-1,2,LYMPH,T_cells,CD8+ T-cells,DIF,0.128,0.454,0.338,0.08
ACACTGAAGCAGATCG-1,5,EPI,Epithelial_cells,Epithelial cells,DIF,0.128,0.514,0.258,0.1
ACACTGAAGCGTCTAT-1,2,LYMPH,T_cells,CD8+ T-cells,DIF,0.172,0.532,0.18,0.116
ACACTGAAGGACACCA-1,4,LYMPH,T_cells,CD8+ T-cells,DIF,0.198,0.524,0.152,0.126
ACACTGACACCAGGCT-1,1,MYE,Monocyte,Monocytes,IMR,0.376,0.316,0.136,0.172
ACACTGACAGCGTTCG-1,5,EPI,Epithelial_cells,Epithelial cells,DIF,0.088,0.68,0.19,0.042
ACACTGACAGCTGGCT-1,3,EPI,Epithelial_cells,Epithelial cells,DIF,0.088,0.436,0.422,0.054
ACACTGACATGGTCAT-1,1,MYE,Macrophage,Monocytes,IMR,0.412,0.348,0.094,0.146
ACACTGAGTAAGAGGA-1,4,LYMPH,T_cells,CD8+ T-cells,DIF,0.162,0.422,0.308,0.108
ACACTGAGTCAACATC-1,4,LYMPH,T_cells,CD4+ T-cells,DIF,0.27,0.364,0.192,0.174
ACACTGATCAATACCG-1,10,LYMPH,B_cell,B-cells,DIF,0.166,0.49,0.244,0.1
ACACTGATCACTATTC-1,7,LYMPH,T_cells,CD8+ T-cells,DIF,0.144,0.608,0.154,0.094
ACACTGATCAGAGGTG-1,1,MYE,Monocyte,Macrophages,IMR,0.628,0.202,0.042,0.128
ACACTGATCGGGAGTA-1,5,LYMPH,T_cells,CD8+ T-cells,DIF,0.184,0.414,0.276,0.126
ACAGCCGAGTGACTCT-1,2,LYMPH,T_cells,CD8+ T-cells,DIF,0.142,0.522,0.224,0.112
ACAGCCGCAATTCCTT-1,1,MYE,Monocyte,Monocytes,DIF,0.372,0.378,0.1,0.15
ACAGCCGCACGCCAGT-1,2,LYMPH,T_cells,CD8+ T-cells,DIF,0.22,0.47,0.172,0.138
ACAGCCGCATGCCTTC-1,5,EPI,iPS_cells,Epithelial cells,DIF,0.124,0.508,0.262,0.106
ACAGCCGCATTTGCTT-1,4,LYMPH,T_cells,CD8+ T-cells,DIF,0.28,0.458,0.136,0.126
ACAGCCGGTAAAGTCA-1,2,LYMPH,T_cells,CD8+ T-cells,DIF,0.21,0.408,0.194,0.188
ACAGCCGGTAGTAGTA-1,5,EPI,Epithelial_cells,Epithelial cells,DIF,0.09,0.476,0.344,0.09
ACAGCCGGTGCCTTGG-1,2,LYMPH,T_cells,CD8+ T-cells,DIF,0.19,0.536,0.154,0.12
ACAGCCGTCTCAAGTG-1,5,EPI,Embryonic_stem_cells,Mesangial cells,DIF,0.094,0.532,0.314,0.06
ACAGCTAAGATGTGGC-1,7,LYMPH,T_cells,CD4+ T-cells,DIF,0.254,0.386,0.154,0.206
ACAGCTACATTGAGCT-1,2,LYMPH,T_cells,CD8+ T-cells,DIF,0.346,0.456,0.092,0.106
ACAGCTAGTCTCTTAT-1,4,LYMPH,T_cells,CD8+ T-cells,DIF,0.262,0.454,0.17,0.114
ACAGCTAGTTCGTCTC-1,4,LYMPH,T_cells,CD8+ T-cells,DIF,0.162,0.566,0.166,0.106
ACAGCTATCGCACTCT-1,4,LYMPH,T_cells,CD8+ T-cells,DIF,0.246,0.438,0.178,0.138
ACAGCTATCTCGTTTA-1,5,EPI,iPS_cells,Epithelial cells,DIF,0.092,0.488,0.318,0.102
ACAGCTATCTTGCATT-1,2,LYMPH,T_cells,CD8+ T-cells,DIF,0.132,0.55,0.216,0.102
ACATACGAGAGTTGGC-1,1,MYE,Macrophage,Macrophages,IMR,0.454,0.316,0.094,0.136
ACATACGAGGCGACAT-1,5,EPI,Epithelial_cells,Epithelial cells,DIF,0.078,0.446,0.408,0.068
ACATACGCAATCTGCA-1,5,EPI,Epithelial_cells,Epithelial cells,DIF,0.076,0.54,0.34,0.044
ACATACGCACTAAGTC-1,2,LYMPH,T_cells,CD8+ T-cells,DIF,0.236,0.384,0.288,0.092
ACATACGCACTCGACG-1,5,EPI,Epithelial_cells,Epithelial cells,DIF,0.074,0.704,0.17,0.052
ACATACGTCTGACCTC-1,4,LYMPH,T_cells,CD4+ T-cells,DIF,0.208,0.428,0.204,0.16
ACATACGTCTGCTTGC-1,2,LYMPH,NK_cell,CD8+ T-cells,DIF,0.252,0.448,0.15,0.15
ACATCAGCAAACGCGA-1,2,LYMPH,T_cells,CD8+ T-cells,DIF,0.15,0.602,0.182,0.066
ACATCAGCATCTACGA-1,2,LYMPH,T_cells,CD8+ T-cells,DIF,0.298,0.394,0.18,0.128
ACATCAGCATGAACCT-1,4,LYMPH,T_cells,CD4+ T-cells,DIF,0.168,0.484,0.236,0.112
ACATCAGGTCAGCTAT-1,2,LYMPH,T_cells,CD8+ T-cells,DIF,0.224,0.434,0.214,0.128
ACATCAGTCACGCGGT-1,10,LYMPH,B_cell,B-cells,DIF,0.234,0.482,0.172,0.112
ACATCAGTCTGGTATG-1,5,EPI,Epithelial_cells,Epithelial cells,DIF,0.082,0.464,0.392,0.062
ACATGGTCAGACGCCT-1,7,LYMPH,T_cells,CD4+ T-cells,DIF,0.29,0.418,0.166,0.126
ACATGGTGTTCCCGAG-1,2,LYMPH,T_cells,CD8+ T-cells,DIF,0.118,0.454,0.336,0.092
ACATGGTTCAGGCCCA-1,6,STROM,Tissue_stem_cells,Fibroblasts,MES,0.112,0.17,0.222,0.496
ACATGGTTCTTCGAGA-1,4,LYMPH,T_cells,CD8+ T-cells,DIF,0.28,0.352,0.15,0.218
ACCAGTAAGAAGAAGC-1,6,STROM,Fibroblasts,Fibroblasts,MES,0.1,0.234,0.306,0.36
ACCAGTAAGTGCGTGA-1,2,LYMPH,T_cells,CD8+ T-cells,DIF,0.224,0.392,0.218,0.166
ACCAGTAGTACGCTGC-1,5,EPI,Epithelial_cells,Epithelial cells,DIF,0.122,0.452,0.31,0.116
ACCAGTAGTAGCGTAG-1,10,LYMPH,B_cell,B-cells,DIF,0.174,0.564,0.158,0.104
ACCAGTAGTATTCGTG-1,6,STROM,Smooth_muscle_cells,Fibroblasts,DIF,0.126,0.39,0.26,0.224
ACCCACTAGGTGTTAA-1,5,EPI,Epithelial_cells,Epithelial cells,DIF,0.074,0.422,0.46,0.044
ACCCACTGTACAGACG-1,7,LYMPH,T_cells,CD4+ T-cells,DIF,0.22,0.5,0.15,0.13
ACCCACTGTTGGTTTG-1,5,EPI,iPS_cells,Epithelial cells,DIF,0.106,0.5,0.31,0.084
ACCCACTTCCTGTACC-1,5,EPI,Epithelial_cells,Epithelial cells,DIF,0.104,0.418,0.392,0.086
ACCCACTTCTCAAGTG-1,3,EPI,Epithelial_cells,Epithelial cells,DIF,0.134,0.652,0.146,0.068
ACCCACTTCTTATCTG-1,2,LYMPH,T_cells,NK cells,DIF,0.216,0.446,0.148,0.19
ACCCACTTCTTTCCTC-1,2,LYMPH,T_cells,CD8+ T-cells,DIF,0.166,0.468,0.248,0.118
ACCGTAAAGAGGTTGC-1,10,LYMPH,B_cell,B-cells,DIF,0.222,0.476,0.178,0.124
ACCGTAAAGATCCCAT-1,5,EPI,Epithelial_cells,Epithelial cells,DIF,0.09,0.434,0.424,0.052
ACCGTAAAGATTACCC-1,4,LYMPH,T_cells,CD4+ T-cells,DIF,0.294,0.388,0.134,0.184
ACCGTAAAGCCAGAAC-1,2,LYMPH,T_cells,CD8+ T-cells,DIF,0.216,0.462,0.194,0.128
ACCGTAAAGCGATTCT-1,5,EPI,iPS_cells,Epithelial cells,DIF,0.068,0.57,0.336,0.026
ACCGTAAAGTAAGTAC-1,4,LYMPH,T_cells,CD8+ T-cells,DIF,0.186,0.554,0.134,0.126
ACCGTAAAGTCAAGGC-1,2,LYMPH,T_cells,CD8+ T-cells,DIF,0.224,0.556,0.144,0.076
ACCGTAACAAGCCGCT-1,2,LYMPH,T_cells,CD8+ T-cells,DIF,0.286,0.416,0.128,0.17
ACCGTAACAGGCAGTA-1,10,LYMPH,B_cell,B-cells,DIF,0.266,0.33,0.194,0.21
ACCGTAACATGCCACG-1,3,EPI,Epithelial_cells,Epithelial cells,DIF,0.104,0.348,0.484,0.064
ACCGTAAGTAGTACCT-1,2,LYMPH,T_cells,CD8+ T-cells,DIF,0.318,0.358,0.184,0.14
ACCGTAAGTGTGAAAT-1,5,EPI,iPS_cells,Epithelial cells,DIF,0.122,0.438,0.338,0.102
ACCGTAATCCTTTCGG-1,2,LYMPH,T_cells,CD8+ T-cells,DIF,0.114,0.524,0.272,0.09
ACCGTAATCGCGTAGC-1,2,LYMPH,T_cells,CD8+ T-cells,DIF,0.24,0.53,0.142,0.088
ACCTTTAAGATGCCTT-1,2,LYMPH,T_cells,CD8+ T-cells,DIF,0.244,0.544,0.11,0.102
ACCTTTAAGCTACCGC-1,6,STROM,Tissue_stem_cells,Fibroblasts,MES,0.038,0.074,0.168,0.72
ACCTTTAAGTACCGGA-1,3,EPI,Epithelial_cells,Epithelial cells,DIF,0.156,0.356,0.33,0.158
ACCTTTACACTGCCAG-1,2,LYMPH,NK_cell,NK cells,DIF,0.212,0.416,0.214,0.158
ACCTTTACATCCCACT-1,2,LYMPH,T_cells,CD8+ T-cells,DIF,0.23,0.382,0.194,0.194
ACCTTTAGTATAATGG-1,5,EPI,Epithelial_cells,Epithelial cells,DIF,0.128,0.536,0.236,0.1
ACCTTTAGTCATCGGC-1,6,STROM,Smooth_muscle_cells,Fibroblasts,MES,0.114,0.14,0.158,0.588
ACCTTTAGTCGGCATC-1,6,STROM,Tissue_stem_cells,Fibroblasts,MES,0.034,0.082,0.206,0.678
ACCTTTAGTGTAAGTA-1,2,LYMPH,T_cells,CD8+ T-cells,DIF,0.172,0.374,0.362,0.092
ACCTTTATCACAGGCC-1,6,STROM,Smooth_muscle_cells,Fibroblasts,MES,0.116,0.314,0.264,0.306
ACCTTTATCACATACG-1,4,LYMPH,T_cells,CD8+ T-cells,DIF,0.18,0.548,0.16,0.112
ACCTTTATCAGGTAAA-1,2,LYMPH,T_cells,CD8+ T-cells,DIF,0.178,0.366,0.358,0.098
ACCTTTATCATGCTCC-1,4,LYMPH,T_cells,CD8+ T-cells,DIF,0.228,0.464,0.162,0.146
ACGAGCCCACGAAAGC-1,3,EPI,iPS_cells,Epithelial cells,DIF,0.112,0.378,0.432,0.078
ACGAGCCCAGCCAGAA-1,10,LYMPH,B_cell,B-cells,DIF,0.11,0.562,0.272,0.056
ACGAGCCCATCGACGC-1,5,EPI,Epithelial_cells,Epithelial cells,DIF,0.084,0.392,0.45,0.074
ACGAGCCGTATAGGTA-1,3,LYMPH,NK_cell,HSC,DIF,0.166,0.488,0.192,0.154
ACGAGCCGTCTGCGGT-1,2,LYMPH,T_cells,CD8+ T-cells,DIF,0.216,0.43,0.214,0.14
ACGAGCCGTGCACGAA-1,2,LYMPH,T_cells,CD8+ T-cells,DIF,0.176,0.566,0.176,0.082
ACGAGCCTCATGTAGC-1,1,MYE,DC,Macrophages,DIF,0.286,0.332,0.208,0.174
ACGAGCCTCCCGGATG-1,5,EPI,iPS_cells,Epithelial cells,PRO,0.056,0.268,0.628,0.048
ACGAGCCTCGCCGTGA-1,2,LYMPH,T_cells,CD8+ T-cells,DIF,0.222,0.466,0.228,0.084
ACGAGGAGTACTCTCC-1,2,LYMPH,NK_cell,CD8+ T-cells,DIF,0.152,0.42,0.288,0.14
ACGAGGAGTTGAACTC-1,8,STROM,HSC_CD34+,Adipocytes,DIF,0.118,0.672,0.136,0.074
ACGAGGATCTGGTGTA-1,4,LYMPH,T_cells,CD8+ T-cells,DIF,0.08,0.656,0.222,0.042
ACGATACAGATCGGGT-1,4,LYMPH,T_cells,CD8+ T-cells,DIF,0.14,0.67,0.126,0.064
ACGATACAGTATTGGA-1,2,LYMPH,NK_cell,CD8+ T-cells,DIF,0.294,0.484,0.138,0.084
ACGATACCACCTCGGA-1,5,EPI,iPS_cells,Epithelial cells,DIF,0.128,0.528,0.274,0.07
ACGATACCAGAGTGTG-1,6,STROM,Smooth_muscle_cells,Fibroblasts,DIF,0.116,0.26,0.29,0.334
ACGATACTCCGGCACA-1,5,EPI,Epithelial_cells,Epithelial cells,DIF,0.11,0.522,0.27,0.098
ACGATACTCTGAAAGA-1,2,LYMPH,T_cells,CD8+ T-cells,DIF,0.22,0.454,0.2,0.126
ACGATGTAGCCTCGTG-1,2,LYMPH,T_cells,CD8+ T-cells,DIF,0.184,0.594,0.112,0.11
ACGATGTAGCTCTCGG-1,4,LYMPH,T_cells,CD8+ T-cells,DIF,0.19,0.5,0.176,0.134
ACGATGTAGGGATCTG-1,2,LYMPH,T_cells,CD8+ T-cells,DIF,0.248,0.424,0.23,0.098
ACGATGTCAAAGCAAT-1,2,LYMPH,T_cells,NK cells,DIF,0.256,0.454,0.148,0.142
ACGATGTCAAGTCTGT-1,4,LYMPH,T_cells,CD8+ T-cells,DIF,0.22,0.536,0.158,0.086
ACGATGTGTGTGCCTG-1,8,STROM,Tissue_stem_cells,Fibroblasts,MES,0.164,0.284,0.178,0.374
ACGATGTGTTCCCTTG-1,5,EPI,iPS_cells,Epithelial cells,DIF,0.132,0.536,0.234,0.098
ACGATGTGTTCGTCTC-1,6,STROM,Smooth_muscle_cells,Fibroblasts,MES,0.112,0.142,0.186,0.56
ACGCAGCAGCAATCTC-1,2,LYMPH,T_cells,CD8+ T-cells,DIF,0.168,0.482,0.246,0.104
ACGCAGCAGTGTCCAT-1,2,LYMPH,T_cells,CD8+ T-cells,DIF,0.252,0.374,0.244,0.13
ACGCAGCCAAATTGCC-1,3,EPI,Epithelial_cells,Epithelial cells,DIF,0.072,0.452,0.402,0.074
ACGCAGCCAAGTTAAG-1,5,EPI,Epithelial_cells,Epithelial cells,DIF,0.112,0.464,0.382,0.042
ACGCAGCCACTGTGTA-1,4,LYMPH,T_cells,CD4+ T-cells,DIF,0.152,0.608,0.162,0.078
ACGCAGCCAGCGTCCA-1,2,LYMPH,T_cells,CD8+ T-cells,DIF,0.214,0.612,0.092,0.082
ACGCAGCTCAGCTCGG-1,1,MYE,Macrophage,Macrophages,DIF,0.332,0.352,0.156,0.16
ACGCAGCTCCGAAGAG-1,8,ENDO,Endothelial_cells,Endothelial cells,MES,0.06,0.088,0.27,0.582
ACGCAGCTCCGTACAA-1,1,MYE,Monocyte,Monocytes,IMR,0.398,0.34,0.108,0.154
ACGCCAGAGCGTGTCC-1,5,EPI,Epithelial_cells,Epithelial cells,DIF,0.11,0.464,0.348,0.078
ACGCCAGCAGCTGCAC-1,3,EPI,Epithelial_cells,Epithelial cells,PRO,0.064,0.306,0.54,0.09
ACGCCAGCATCATCCC-1,4,LYMPH,T_cells,CD8+ T-cells,DIF,0.112,0.658,0.158,0.072
ACGCCAGCATGGGAAC-1,5,EPI,iPS_cells,Epithelial cells,DIF,0.084,0.458,0.412,0.046
ACGCCAGTCAGTGCAT-1,1,MYE,Monocyte,Monocytes,IMR,0.57,0.258,0.098,0.074
ACGCCAGTCCACGCAG-1,2,LYMPH,T_cells,CD8+ T-cells,DIF,0.15,0.45,0.332,0.068
ACGCCAGTCCGTAGTA-1,2,LYMPH,T_cells,CD8+ T-cells,DIF,0.152,0.65,0.13,0.068
ACGCCAGTCGGAGGTA-1,2,LYMPH,NK_cell,NK cells,DIF,0.298,0.418,0.114,0.17
ACGCCGAAGAACTGTA-1,4,LYMPH,T_cells,CD8+ T-cells,DIF,0.202,0.476,0.202,0.12
ACGCCGAAGCATCATC-1,5,EPI,Epithelial_cells,Epithelial cells,PRO,0.066,0.328,0.53,0.076
ACGCCGAAGCCCAACC-1,7,LYMPH,T_cells,CD4+ T-cells,DIF,0.23,0.402,0.228,0.14
ACGCCGACACGAAATA-1,5,EPI,Epithelial_cells,Epithelial cells,DIF,0.09,0.552,0.272,0.086
ACGCCGACATCGGTTA-1,2,LYMPH,T_cells,CD8+ T-cells,DIF,0.298,0.37,0.216,0.116
ACGCCGAGTCCGAACC-1,2,LYMPH,T_cells,CD8+ T-cells,DIF,0.158,0.528,0.188,0.126
ACGCCGAGTTCGCGAC-1,2,LYMPH,T_cells,CD8+ T-cells,DIF,0.142,0.576,0.174,0.108
ACGCCGAGTTTGGCGC-1,4,LYMPH,T_cells,CD8+ T-cells,DIF,0.242,0.476,0.164,0.118
ACGCCGATCGCCGTGA-1,2,LYMPH,NK_cell,NK cells,DIF,0.222,0.54,0.128,0.11
ACGGAGAAGTCACGCC-1,1,MYE,Monocyte,Monocytes,DIF,0.298,0.45,0.172,0.08
ACGGAGAAGTCATCCA-1,8,STROM,Tissue_stem_cells,Fibroblasts,DIF,0.19,0.382,0.226,0.202
ACGGAGACAGAGCCAA-1,4,LYMPH,T_cells,CD4+ T-cells,DIF,0.202,0.436,0.212,0.15
ACGGAGACATCACAAC-1,4,LYMPH,T_cells,CD4+ T-cells,DIF,0.196,0.44,0.196,0.168
ACGGAGAGTATCTGCA-1,5,EPI,Epithelial_cells,Epithelial cells,DIF,0.084,0.412,0.436,0.068
ACGGAGAGTCACCCAG-1,1,MYE,Macrophage,Macrophages,IMR,0.556,0.242,0.078,0.124
ACGGAGAGTGCTAGCC-1,5,EPI,Epithelial_cells,Epithelial cells,DIF,0.106,0.372,0.37,0.152
ACGGAGAGTTCGTCTC-1,5,EPI,Epithelial_cells,Epithelial cells,DIF,0.078,0.46,0.398,0.064
ACGGAGATCAGTCAGT-1,7,LYMPH,T_cells,CD4+ T-cells,DIF,0.258,0.436,0.128,0.178
ACGGAGATCTTGAGAC-1,4,LYMPH,T_cells,CD8+ T-cells,DIF,0.244,0.416,0.132,0.208
ACGGCCACACGTCTCT-1,4,LYMPH,T_cells,CD4+ T-cells,DIF,0.172,0.532,0.172,0.124
ACGGCCACATCCAACA-1,5,EPI,Epithelial_cells,Epithelial cells,DIF,0.176,0.498,0.24,0.086
ACGGCCAGTAAGAGGA-1,2,LYMPH,T_cells,CD8+ T-cells,DIF,0.31,0.426,0.152,0.112
ACGGCCAGTCCGTTAA-1,5,EPI,iPS_cells,Epithelial cells,DIF,0.09,0.396,0.44,0.074
ACGGCCATCATGTCTT-1,7,LYMPH,T_cells,CD4+ T-cells,DIF,0.184,0.576,0.15,0.09
ACGGCCATCCATTCTA-1,1,MYE,Monocyte,Monocytes,IMR,0.56,0.276,0.068,0.096
ACGGGCTAGAGACGAA-1,2,LYMPH,T_cells,CD8+ T-cells,DIF,0.168,0.564,0.19,0.078
ACGGGCTCAAAGAATC-1,4,LYMPH,T_cells,CD8+ T-cells,DIF,0.146,0.596,0.154,0.104
ACGGGCTGTAAGAGAG-1,3,EPI,Epithelial_cells,Epithelial cells,DIF,0.092,0.432,0.404,0.072
ACGGGCTGTAGTGAAT-1,8,STROM,Tissue_stem_cells,Fibroblasts,MES,0.138,0.22,0.19,0.452
ACGGGCTGTCCCTACT-1,3,EPI,Epithelial_cells,Epithelial cells,PRO,0.082,0.326,0.542,0.05
ACGGGCTGTCTGCAAT-1,7,LYMPH,T_cells,CD8+ T-cells,DIF,0.23,0.516,0.148,0.106
ACGGGCTGTTCCCGAG-1,8,ENDO,Endothelial_cells,Endothelial cells,PRO,0.084,0.354,0.458,0.104
ACGGGCTTCAGTTGAC-1,7,LYMPH,T_cells,CD4+ T-cells,DIF,0.196,0.526,0.146,0.132
ACGGGTCAGGTTCCTA-1,4,LYMPH,T_cells,CD8+ T-cells,IMR,0.346,0.324,0.124,0.206
ACGGGTCCACACTGCG-1,4,LYMPH,T_cells,CD4+ T-cells,DIF,0.194,0.536,0.14,0.13
ACGGGTCCAGCCTTGG-1,3,EPI,Epithelial_cells,Epithelial cells,DIF,0.09,0.516,0.322,0.072
ACGGGTCGTCTGCCAG-1,3,EPI,iPS_cells,Epithelial cells,DIF,0.092,0.442,0.384,0.082
ACGGGTCGTTATCGGT-1,5,EPI,Epithelial_cells,Epithelial cells,DIF,0.126,0.506,0.262,0.106
ACGGGTCTCTTCGAGA-1,1,MYE,Macrophage,Macrophages,DIF,0.324,0.372,0.174,0.13
ACGGGTCTCTTGCCGT-1,9,LYMPH,B_cell,B-cells,DIF,0.184,0.454,0.216,0.146
ACGTCAACACGCATCG-1,2,LYMPH,T_cells,CD8+ T-cells,DIF,0.202,0.508,0.236,0.054
ACGTCAAGTACAGCAG-1,4,LYMPH,T_cells,CD8+ T-cells,DIF,0.238,0.314,0.264,0.184
ACGTCAAGTCCAGTTA-1,5,EPI,Epithelial_cells,Epithelial cells,PRO,0.132,0.352,0.42,0.096
ACGTCAATCCGCGCAA-1,7,LYMPH,T_cells,CD4+ T-cells,DIF,0.294,0.422,0.134,0.15
ACGTCAATCGGTGTTA-1,2,LYMPH,T_cells,CD8+ T-cells,DIF,0.3,0.436,0.084,0.18
ACTATCTAGATGAGAG-1,9,LYMPH,B_cell,B-cells,DIF,0.208,0.444,0.242,0.106
ACTATCTCAGTCAGCC-1,5,EPI,Epithelial_cells,HSC,DIF,0.086,0.548,0.282,0.084
ACTATCTCATCCGGGT-1,2,LYMPH,T_cells,CD8+ T-cells,DIF,0.154,0.468,0.274,0.104
ACTATCTGTGGCAAAC-1,4,LYMPH,T_cells,CD4+ T-cells,DIF,0.284,0.352,0.148,0.216
ACTATCTTCACGCATA-1,1,MYE,Macrophage,Macrophages,IMR,0.616,0.266,0.056,0.062
ACTGAACAGTCACGCC-1,10,LYMPH,B_cell,B-cells,DIF,0.158,0.484,0.256,0.102
ACTGAACCACGAAACG-1,4,LYMPH,T_cells,CD8+ T-cells,DIF,0.236,0.466,0.14,0.158
ACTGAACCAGGCTGAA-1,2,LYMPH,T_cells,CD8+ T-cells,DIF,0.37,0.33,0.118,0.182
ACTGAACCATCCGTGG-1,5,EPI,iPS_cells,Epithelial cells,DIF,0.084,0.458,0.412,0.046
ACTGAACCATTCGACA-1,6,STROM,Smooth_muscle_cells,Fibroblasts,MES,0.162,0.22,0.294,0.324
ACTGAACGTACTTGAC-1,2,LYMPH,T_cells,CD8+ T-cells,DIF,0.352,0.488,0.1,0.06
ACTGAACTCAGTGCAT-1,4,LYMPH,T_cells,CD8+ T-cells,DIF,0.182,0.452,0.246,0.12
ACTGAACTCGGATGTT-1,1,MYE,Monocyte,Monocytes,IMR,0.386,0.332,0.106,0.176
ACTGAACTCTCGTTTA-1,4,LYMPH,T_cells,CD8+ T-cells,DIF,0.234,0.428,0.184,0.154
ACTGAACTCTTAGCCC-1,7,LYMPH,T_cells,CD4+ T-cells,DIF,0.286,0.388,0.152,0.174
ACTGAGTAGAAGGCCT-1,2,LYMPH,T_cells,CD8+ T-cells,IMR,0.398,0.414,0.118,0.07
ACTGAGTAGGACCACA-1,1,MYE,Macrophage,Macrophages,DIF,0.33,0.51,0.082,0.078
ACTGAGTAGTACTTGC-1,2,LYMPH,T_cells,CD8+ T-cells,DIF,0.108,0.624,0.196,0.072
ACTGAGTCAAAGTGCG-1,1,MYE,DC,DC,DIF,0.224,0.348,0.272,0.156
ACTGAGTCAACACGCC-1,1,MYE,Monocyte,Monocytes,DIF,0.208,0.484,0.152,0.156
ACTGAGTCATGGTCAT-1,5,EPI,Epithelial_cells,Epithelial cells,DIF,0.132,0.498,0.304,0.066
ACTGAGTGTATAAACG-1,1,MYE,Macrophage,Macrophages,DIF,0.34,0.358,0.142,0.16
ACTGAGTGTTCGTGAT-1,6,STROM,Fibroblasts,Fibroblasts,MES,0.094,0.136,0.322,0.448
ACTGAGTTCAACCAAC-1,4,LYMPH,T_cells,CD8+ T-cells,IMR,0.358,0.316,0.138,0.188
ACTGAGTTCCTAGTGA-1,7,LYMPH,T_cells,CD8+ T-cells,DIF,0.22,0.542,0.122,0.116
ACTGAGTTCGATGAGG-1,2,LYMPH,T_cells,CD8+ T-cells,DIF,0.17,0.504,0.206,0.12
ACTGAGTTCGGATGGA-1,4,LYMPH,T_cells,CD8+ T-cells,DIF,0.264,0.522,0.118,0.096
ACTGAGTTCTGATTCT-1,3,EPI,Epithelial_cells,Epithelial cells,DIF,0.088,0.488,0.394,0.03
ACTGAGTTCTTGCAAG-1,3,EPI,Epithelial_cells,Epithelial cells,DIF,0.08,0.47,0.406,0.044
ACTGATGAGGAATTAC-1,2,LYMPH,NK_cell,NK cells,IMR,0.388,0.342,0.126,0.144
ACTGATGGTCTAAACC-1,10,LYMPH,B_cell,B-cells,DIF,0.23,0.506,0.166,0.098
ACTGATGTCTCGTATT-1,3,EPI,Epithelial_cells,Epithelial cells,DIF,0.088,0.434,0.408,0.07
ACTGCTCAGCTAGTGG-1,5,EPI,Epithelial_cells,Epithelial cells,DIF,0.114,0.5,0.298,0.088
ACTGCTCAGGGCACTA-1,4,LYMPH,T_cells,CD8+ T-cells,DIF,0.34,0.374,0.1,0.186
ACTGCTCAGTCCGTAT-1,4,LYMPH,T_cells,CD8+ T-cells,DIF,0.26,0.506,0.13,0.104
ACTGCTCCAAGGTTTC-1,7,LYMPH,T_cells,CD8+ T-cells,DIF,0.242,0.454,0.132,0.172
ACTGCTCCACGGTGTC-1,5,EPI,iPS_cells,Epithelial cells,DIF,0.082,0.422,0.444,0.052
ACTGCTCGTACAGACG-1,1,MYE,Macrophage,Monocytes,DIF,0.358,0.438,0.082,0.122
ACTGCTCGTCTGGTCG-1,2,LYMPH,T_cells,CD8+ T-cells,DIF,0.166,0.436,0.272,0.126
ACTGCTCTCCCATTTA-1,10,MYE,B_cell,Monocytes,DIF,0.164,0.442,0.264,0.13
ACTGTCCAGTGGGATC-1,4,LYMPH,T_cells,CD8+ T-cells,DIF,0.32,0.4,0.116,0.164
ACTGTCCGTTTCCACC-1,5,EPI,iPS_cells,Epithelial cells,DIF,0.13,0.548,0.228,0.094
ACTGTCCTCTCCAGGG-1,5,EPI,Epithelial_cells,Epithelial cells,DIF,0.122,0.358,0.448,0.072
ACTTACTAGGCCCTTG-1,3,EPI,Epithelial_cells,Epithelial cells,DIF,0.104,0.486,0.266,0.144
ACTTACTAGTTGTAGA-1,10,LYMPH,B_cell,B-cells,DIF,0.234,0.406,0.23,0.13
ACTTACTGTTCCACTC-1,5,EPI,Epithelial_cells,Epithelial cells,DIF,0.09,0.446,0.402,0.062
ACTTGTTAGGGTCTCC-1,4,LYMPH,T_cells,CD8+ T-cells,DIF,0.276,0.39,0.16,0.174
ACTTGTTCAAAGGCGT-1,5,EPI,iPS_cells,Epithelial cells,DIF,0.084,0.496,0.33,0.09
ACTTGTTCAAGCTGGA-1,10,LYMPH,B_cell,B-cells,DIF,0.246,0.394,0.188,0.172
ACTTGTTTCAACCATG-1,10,LYMPH,B_cell,B-cells,DIF,0.202,0.47,0.238,0.09
ACTTGTTTCCAAGCCG-1,2,LYMPH,T_cells,CD8+ T-cells,DIF,0.38,0.43,0.084,0.106
ACTTTCAAGCGTCAAG-1,5,EPI,Epithelial_cells,Mesangial cells,DIF,0.09,0.446,0.402,0.062
ACTTTCACAACTGGCC-1,5,EPI,iPS_cells,Erythrocytes,DIF,0.104,0.394,0.422,0.08
ACTTTCACAGATAATG-1,4,LYMPH,T_cells,CD8+ T-cells,DIF,0.162,0.532,0.178,0.128
ACTTTCAGTAGATTAG-1,1,MYE,Monocyte,Monocytes,DIF,0.338,0.378,0.164,0.12
ACTTTCAGTAGTAGTA-1,5,LYMPH,Endothelial_cells,HSC,DIF,0.232,0.554,0.162,0.052
ACTTTCAGTGGACGAT-1,5,EPI,Epithelial_cells,Epithelial cells,DIF,0.128,0.514,0.258,0.1
ACTTTCAGTTTGTGTG-1,3,EPI,Epithelial_cells,Epithelial cells,DIF,0.052,0.466,0.416,0.066
ACTTTCATCCCTTGTG-1,2,LYMPH,T_cells,CD8+ T-cells,DIF,0.2,0.522,0.132,0.146
ACTTTCATCCGCATAA-1,5,EPI,Epithelial_cells,Epithelial cells,DIF,0.068,0.438,0.434,0.06
AGAATAGAGGGCTTGA-1,2,LYMPH,T_cells,CD8+ T-cells,DIF,0.096,0.49,0.32,0.094
AGAATAGCAAAGGCGT-1,5,EPI,Epithelial_cells,Epithelial cells,DIF,0.068,0.498,0.4,0.034
AGAATAGCAAGAAAGG-1,1,MYE,Macrophage,Macrophages,IMR,0.522,0.224,0.066,0.188
AGAATAGGTCGGGTCT-1,2,LYMPH,NK_cell,NK cells,DIF,0.298,0.492,0.128,0.082
AGAATAGGTTTGGCGC-1,4,LYMPH,T_cells,CD4+ T-cells,DIF,0.142,0.546,0.15,0.162
AGAATAGTCACAACGT-1,5,EPI,Embryonic_stem_cells,Epithelial cells,DIF,0.108,0.506,0.304,0.082
AGAATAGTCGTCCGTT-1,2,LYMPH,T_cells,CD8+ T-cells,DIF,0.194,0.528,0.184,0.094
AGAATAGTCTTGCAAG-1,5,EPI,iPS_cells,Epithelial cells,DIF,0.062,0.424,0.476,0.038
AGACGTTAGGAGTTTA-1,2,LYMPH,T_cells,CD8+ T-cells,DIF,0.382,0.412,0.092,0.114
AGACGTTAGGGATACC-1,6,STROM,Fibroblasts,Fibroblasts,MES,0.126,0.148,0.268,0.458
AGACGTTAGTTGAGTA-1,5,EPI,Epithelial_cells,Epithelial cells,DIF,0.1,0.602,0.228,0.07
AGACGTTGTCGGGTCT-1,5,EPI,Epithelial_cells,Epithelial cells,PRO,0.076,0.406,0.47,0.048
AGACGTTTCAACGGGA-1,5,EPI,Epithelial_cells,Epithelial cells,DIF,0.07,0.44,0.434,0.056
AGACGTTTCCCTGACT-1,2,LYMPH,T_cells,CD8+ T-cells,DIF,0.222,0.492,0.136,0.15
AGACGTTTCGTATCAG-1,5,EPI,Epithelial_cells,Epithelial cells,DIF,0.126,0.472,0.294,0.108
AGACGTTTCGTTTGCC-1,4,LYMPH,T_cells,CD8+ T-cells,DIF,0.278,0.448,0.126,0.148
AGACGTTTCTCTGTCG-1,2,LYMPH,T_cells,CD8+ T-cells,IMR,0.366,0.302,0.146,0.186
AGAGCGAAGGCGCTCT-1,2,LYMPH,T_cells,CD8+ T-cells,DIF,0.278,0.46,0.106,0.156
AGAGCGAAGTATTGGA-1,4,LYMPH,T_cells,CD4+ T-cells,DIF,0.168,0.558,0.172,0.102
AGAGCGACAAGTTGTC-1,8,STROM,Tissue_stem_cells,Fibroblasts,DIF,0.144,0.32,0.234,0.302
AGAGCGAGTAATCGTC-1,1,MYE,Macrophage,Monocytes,IMR,0.474,0.222,0.118,0.186
AGAGCGATCATCATTC-1,4,LYMPH,T_cells,CD8+ T-cells,DIF,0.336,0.47,0.11,0.084
AGAGCGATCCAGGGCT-1,4,LYMPH,T_cells,CD8+ T-cells,DIF,0.198,0.594,0.092,0.116
AGAGCGATCTCCCTGA-1,5,EPI,Epithelial_cells,Epithelial cells,DIF,0.116,0.486,0.284,0.114
AGAGCTTAGATGCCTT-1,7,LYMPH,T_cells,CD4+ T-cells,DIF,0.314,0.422,0.124,0.14
AGAGCTTCACAGACTT-1,5,EPI,Epithelial_cells,HSC,DIF,0.116,0.534,0.274,0.076
AGAGCTTCACGACTCG-1,5,EPI,Epithelial_cells,Epithelial cells,PRO,0.092,0.35,0.49,0.068
AGAGCTTGTTACGGAG-1,5,EPI,iPS_cells,Epithelial cells,DIF,0.104,0.544,0.278,0.074
AGAGCTTTCAGCCTAA-1,4,LYMPH,T_cells,CD4+ T-cells,DIF,0.168,0.55,0.172,0.11
AGAGCTTTCTCAAGTG-1,3,EPI,Epithelial_cells,Epithelial cells,DIF,0.07,0.422,0.394,0.114
AGAGTGGAGGTGCAAC-1,2,LYMPH,T_cells,CD8+ T-cells,DIF,0.164,0.586,0.162,0.088
AGAGTGGCATTGCGGC-1,4,LYMPH,T_cells,CD8+ T-cells,DIF,0.18,0.47,0.2,0.15
AGAGTGGTCACTCCTG-1,2,LYMPH,T_cells,CD8+ T-cells,DIF,0.256,0.544,0.128,0.072
AGAGTGGTCAGGCCCA-1,6,STROM,Smooth_muscle_cells,Fibroblasts,MES,0.136,0.296,0.262,0.306
AGAGTGGTCAGTTCGA-1,2,LYMPH,T_cells,CD8+ T-cells,DIF,0.226,0.428,0.204,0.142
AGAGTGGTCATCGCTC-1,2,LYMPH,T_cells,CD8+ T-cells,DIF,0.26,0.412,0.146,0.182
AGAGTGGTCGCTAGCG-1,5,EPI,iPS_cells,Mesangial cells,DIF,0.08,0.426,0.428,0.066
AGAGTGGTCGGCGCAT-1,6,STROM,Tissue_stem_cells,Fibroblasts,MES,0.1,0.176,0.214,0.51
AGAGTGGTCGGTCCGA-1,4,LYMPH,T_cells,CD8+ T-cells,DIF,0.232,0.456,0.134,0.178
AGATCTGAGAATGTGT-1,4,LYMPH,T_cells,CD8+ T-cells,DIF,0.174,0.442,0.228,0.156
AGATCTGAGGAGTCTG-1,4,LYMPH,T_cells,CD8+ T-cells,DIF,0.138,0.566,0.19,0.106
AGATCTGCACTAGTAC-1,4,LYMPH,T_cells,CD8+ T-cells,DIF,0.172,0.494,0.19,0.144
AGATCTGCAGGTTTCA-1,10,LYMPH,B_cell,B-cells,DIF,0.272,0.466,0.146,0.116
AGATCTGCATGTTCCC-1,5,EPI,iPS_cells,Epithelial cells,DIF,0.09,0.446,0.402,0.062
AGATCTGGTACCGCTG-1,5,EPI,Epithelial_cells,Epithelial cells,DIF,0.08,0.39,0.47,0.06
AGATCTGGTATATCCG-1,4,LYMPH,T_cells,CD4+ T-cells,DIF,0.206,0.55,0.122,0.122
AGATCTGGTCAATACC-1,2,LYMPH,NK_cell,NK cells,DIF,0.27,0.432,0.204,0.094
AGATCTGGTTGTGGCC-1,4,LYMPH,T_cells,CD4+ T-cells,DIF,0.122,0.58,0.228,0.07
AGATCTGTCGTAGGTT-1,2,LYMPH,NK_cell,NK cells,IMR,0.392,0.396,0.12,0.092
AGATTGCAGAAGGACA-1,8,STROM,Tissue_stem_cells,Adipocytes,DIF,0.206,0.28,0.192,0.322
AGATTGCAGCGATATA-1,3,EPI,Epithelial_cells,Epithelial cells,DIF,0.094,0.532,0.276,0.098
AGATTGCCAGACACTT-1,6,STROM,Fibroblasts,Fibroblasts,MES,0.174,0.288,0.18,0.358
AGATTGCCAGGTTTCA-1,4,LYMPH,T_cells,CD8+ T-cells,IMR,0.396,0.372,0.14,0.092
AGATTGCGTCTGATCA-1,4,LYMPH,T_cells,CD8+ T-cells,DIF,0.202,0.508,0.182,0.108
AGATTGCGTGATGATA-1,4,LYMPH,T_cells,CD8+ T-cells,DIF,0.174,0.512,0.186,0.128
AGATTGCGTGTAATGA-1,5,EPI,iPS_cells,Epithelial cells,DIF,0.16,0.548,0.228,0.064
AGATTGCGTTCAACCA-1,4,LYMPH,T_cells,CD8+ T-cells,DIF,0.286,0.368,0.14,0.206
AGATTGCGTTCCACAA-1,5,EPI,Epithelial_cells,Epithelial cells,DIF,0.116,0.586,0.2,0.098
AGATTGCTCGTGGTCG-1,2,LYMPH,T_cells,CD8+ T-cells,DIF,0.238,0.494,0.158,0.11
AGCAGCCAGAAGGTGA-1,6,STROM,Chondrocytes,Fibroblasts,MES,0.066,0.128,0.198,0.608
AGCAGCCAGACTCGGA-1,1,MYE,DC,Monocytes,IMR,0.476,0.334,0.076,0.114
AGCAGCCCACATAACC-1,2,LYMPH,T_cells,CD8+ T-cells,DIF,0.196,0.518,0.18,0.106
AGCAGCCCACCCATTC-1,10,LYMPH,B_cell,B-cells,DIF,0.14,0.554,0.224,0.082
AGCAGCCCACTCAGGC-1,1,MYE,GMP,Monocytes,DIF,0.346,0.47,0.11,0.074
AGCAGCCGTAGGGACT-1,2,LYMPH,T_cells,CD8+ T-cells,IMR,0.362,0.298,0.194,0.146
AGCAGCCTCAGTTAGC-1,3,STROM,Tissue_stem_cells,Mesangial cells,MES,0.1,0.194,0.322,0.384
AGCAGCCTCTGCTTGC-1,1,MYE,Monocyte,Monocytes,IMR,0.432,0.334,0.12,0.114
AGCATACAGAATTCCC-1,8,ENDO,Endothelial_cells,Endothelial cells,DIF,0.138,0.578,0.198,0.086
AGCATACAGAGACTTA-1,8,ENDO,Endothelial_cells,Adipocytes,DIF,0.136,0.502,0.234,0.128
AGCATACAGCGATGAC-1,4,LYMPH,T_cells,CD8+ T-cells,DIF,0.23,0.434,0.138,0.198
AGCATACAGGTGCAAC-1,3,EPI,Epithelial_cells,Epithelial cells,DIF,0.078,0.616,0.28,0.026
AGCATACCACCGCTAG-1,4,LYMPH,T_cells,CD8+ T-cells,DIF,0.14,0.568,0.218,0.074
AGCATACCATCCTTGC-1,4,LYMPH,T_cells,CD4+ T-cells,DIF,0.2,0.388,0.22,0.192
AGCATACCATGCATGT-1,5,EPI,Epithelial_cells,Mesangial cells,DIF,0.09,0.53,0.29,0.09
AGCATACGTACTTAGC-1,5,EPI,Epithelial_cells,Mesangial cells,DIF,0.104,0.4,0.358,0.138
AGCATACTCACTATTC-1,6,STROM,Fibroblasts,Fibroblasts,MES,0.018,0.056,0.2,0.726
AGCATACTCCATTCTA-1,6,STROM,Fibroblasts,Fibroblasts,MES,0.074,0.148,0.386,0.392
AGCATACTCCGTTGCT-1,5,EPI,Epithelial_cells,Epithelial cells,DIF,0.156,0.504,0.216,0.124
AGCCTAAAGAGGGCTT-1,1,MYE,Macrophage,Macrophages,IMR,0.578,0.316,0.06,0.046
AGCCTAAAGTGGTAGC-1,8,ENDO,Endothelial_cells,Adipocytes,DIF,0.152,0.48,0.232,0.136
AGCCTAACAGCCAGAA-1,3,EPI,iPS_cells,Epithelial cells,DIF,0.122,0.586,0.224,0.068
AGCCTAACAGGGTATG-1,3,EPI,Epithelial_cells,Epithelial cells,DIF,0.072,0.598,0.284,0.046
AGCCTAACATGAAGTA-1,4,LYMPH,T_cells,CD8+ T-cells,DIF,0.138,0.602,0.156,0.104
AGCCTAATCATGGTCA-1,2,LYMPH,T_cells,CD8+ T-cells,DIF,0.118,0.508,0.292,0.082
